0.000000	26.975081
1.000000	27.021776
2.000000	27.028440
3.000000	27.067112
4.000000	27.098910
5.000000	27.131816
6.000000	27.149299
7.000000	27.201179
8.000000	27.240507
9.000000	27.225162
10.000000	27.273731
11.000000	27.318519
12.000000	27.357091
13.000000	27.403161
14.000000	27.423812
15.000000	27.457321
16.000000	27.454405
17.000000	27.497998
18.000000	27.517893
19.000000	27.561124
20.000000	27.611710
21.000000	27.631944
22.000000	27.671887
23.000000	27.702995
24.000000	27.746994
25.000000	27.763348
26.000000	27.775975
27.000000	27.814866
28.000000	27.859577
29.000000	27.895803
30.000000	27.938530
31.000000	27.994553
32.000000	28.017221
33.000000	28.051135
34.000000	28.084019
35.000000	28.135953
36.000000	28.187603
37.000000	28.214491
38.000000	28.230702
39.000000	28.284456
40.000000	28.325868
41.000000	28.394726
42.000000	28.413284
43.000000	28.462248
44.000000	28.510324
45.000000	28.567103
46.000000	28.591590
47.000000	28.642275
48.000000	28.708810
49.000000	28.753356
50.000000	28.823125
51.000000	28.873985
52.000000	28.904983
53.000000	28.952347
54.000000	29.010584
55.000000	29.085975
56.000000	29.145944
57.000000	29.203688
58.000000	29.276657
59.000000	29.358965
60.000000	29.424743
61.000000	29.482421
62.000000	29.525258
63.000000	29.602874
64.000000	29.660914
65.000000	29.715414
66.000000	29.782924
67.000000	29.887121
68.000000	29.934474
69.000000	30.035471
70.000000	30.113022
71.000000	30.197511
72.000000	30.261634
73.000000	30.322502
74.000000	30.396359
75.000000	30.487830
76.000000	30.556207
77.000000	30.621821
78.000000	30.736574
79.000000	30.814267
80.000000	30.905870
81.000000	31.003765
82.000000	31.074246
83.000000	31.168425
84.000000	31.255490
85.000000	31.369630
86.000000	31.461463
87.000000	31.565902
88.000000	31.683406
89.000000	31.751793
90.000000	31.854741
91.000000	31.955618
92.000000	32.067894
93.000000	32.180422
94.000000	32.249598
95.000000	32.370183
96.000000	32.484552
97.000000	32.589386
98.000000	32.693813
99.000000	32.822597
100.000000	32.922257
101.000000	33.021872
102.000000	33.161990
103.000000	33.265935
104.000000	33.404431
105.000000	33.536064
106.000000	33.660376
107.000000	33.737696
108.000000	33.892524
109.000000	34.004921
110.000000	34.143997
111.000000	34.281703
112.000000	34.420560
113.000000	34.533548
114.000000	34.679081
115.000000	34.795511
116.000000	34.907754
117.000000	35.069334
118.000000	35.205747
119.000000	35.331165
120.000000	35.456978
121.000000	35.603651
122.000000	35.749073
123.000000	35.876180
124.000000	36.031556
125.000000	36.174479
126.000000	36.317206
127.000000	36.460809
128.000000	36.616787
129.000000	36.778323
130.000000	36.916084
131.000000	37.067481
132.000000	37.203608
133.000000	37.353887
134.000000	37.519972
135.000000	37.674229
136.000000	37.832137
137.000000	37.992095
138.000000	38.148522
139.000000	38.294208
140.000000	38.451699
141.000000	38.618332
142.000000	38.759250
143.000000	38.931901
144.000000	39.102304
145.000000	39.251410
146.000000	39.439329
147.000000	39.624103
148.000000	39.791328
149.000000	39.960613
150.000000	40.122818
151.000000	40.298099
152.000000	40.472766
153.000000	40.664270
154.000000	40.819185
155.000000	41.014855
156.000000	41.192416
157.000000	41.372706
158.000000	41.550563
159.000000	41.732049
160.000000	41.920757
161.000000	42.099009
162.000000	42.293199
163.000000	42.453013
164.000000	42.667667
165.000000	42.846730
166.000000	43.051059
167.000000	43.221550
168.000000	43.436577
169.000000	43.634504
170.000000	43.813961
171.000000	43.994153
172.000000	44.198526
173.000000	44.372316
174.000000	44.579199
175.000000	44.797832
176.000000	44.987604
177.000000	45.211673
178.000000	45.409918
179.000000	45.598232
180.000000	45.790613
181.000000	45.994229
182.000000	46.209782
183.000000	46.365596
184.000000	46.614077
185.000000	46.821321
186.000000	47.032993
187.000000	47.238506
188.000000	47.434789
189.000000	47.665928
190.000000	47.863877
191.000000	48.061388
192.000000	48.267854
193.000000	48.508804
194.000000	48.712376
195.000000	48.925211
196.000000	49.148897
197.000000	49.350145
198.000000	49.572034
199.000000	49.779190
200.000000	50.009431
201.000000	50.228842
202.000000	50.454458
203.000000	50.688710
204.000000	50.919773
205.000000	51.125527
206.000000	51.349871
207.000000	51.564831
208.000000	51.784539
209.000000	52.012357
210.000000	52.243628
211.000000	52.423097
212.000000	52.667532
213.000000	52.901402
214.000000	53.128902
215.000000	53.354748
216.000000	53.619670
217.000000	53.816852
218.000000	54.062943
219.000000	54.274001
220.000000	54.513625
221.000000	54.751276
222.000000	54.995437
223.000000	55.229931
224.000000	55.447205
225.000000	55.685075
226.000000	55.942061
227.000000	56.171743
228.000000	56.401359
229.000000	56.649982
230.000000	56.875915
231.000000	57.119825
232.000000	57.361170
233.000000	57.596113
234.000000	57.827439
235.000000	58.053624
236.000000	58.281399
237.000000	58.555452
238.000000	58.793168
239.000000	59.038360
240.000000	59.268908
241.000000	59.520501
242.000000	59.749350
243.000000	60.013187
244.000000	60.245226
245.000000	60.505830
246.000000	60.740926
247.000000	60.987653
248.000000	61.216293
249.000000	61.485129
250.000000	61.728677
251.000000	61.981114
252.000000	62.226295
253.000000	62.469383
254.000000	62.718828
255.000000	62.966639
256.000000	63.210977
257.000000	63.463524
258.000000	63.734233
259.000000	63.979952
260.000000	64.217460
261.000000	64.459539
262.000000	64.740782
263.000000	64.982763
264.000000	65.217794
265.000000	65.460815
266.000000	65.724970
267.000000	65.991636
268.000000	66.229418
269.000000	66.510672
270.000000	66.758988
271.000000	67.023889
272.000000	67.281862
273.000000	67.552878
274.000000	67.813986
275.000000	68.068035
276.000000	68.325997
277.000000	68.604368
278.000000	68.835278
279.000000	69.113496
280.000000	69.367600
281.000000	69.645095
282.000000	69.858718
283.000000	70.144160
284.000000	70.386699
285.000000	70.666792
286.000000	70.934082
287.000000	71.186947
288.000000	71.433334
289.000000	71.695296
290.000000	71.936148
291.000000	72.224012
292.000000	72.478302
293.000000	72.776612
294.000000	73.010229
295.000000	73.278911
296.000000	73.543296
297.000000	73.811145
298.000000	74.070948
299.000000	74.318157
300.000000	74.590358
301.000000	74.827526
302.000000	75.100154
303.000000	75.371281
304.000000	75.632224
305.000000	75.859407
306.000000	76.129152
307.000000	76.402953
308.000000	76.688438
309.000000	76.959576
310.000000	77.215707
311.000000	77.479084
312.000000	77.756666
313.000000	78.019232
314.000000	78.273796
315.000000	78.559917
316.000000	78.823743
317.000000	79.076707
318.000000	79.324727
319.000000	79.602090
320.000000	79.852401
321.000000	80.124097
322.000000	80.386027
323.000000	80.636108
324.000000	80.900482
325.000000	81.168912
326.000000	81.445453
327.000000	81.728210
328.000000	81.965159
329.000000	82.264554
330.000000	82.520598
331.000000	82.767116
332.000000	83.048075
333.000000	83.323860
334.000000	83.597814
335.000000	83.869708
336.000000	84.140505
337.000000	84.395255
338.000000	84.683492
339.000000	84.930537
340.000000	85.217732
341.000000	85.487488
342.000000	85.740956
343.000000	86.020994
344.000000	86.250040
345.000000	86.546947
346.000000	86.810905
347.000000	87.059506
348.000000	87.355525
349.000000	87.629052
350.000000	87.884142
351.000000	88.162503
352.000000	88.424170
353.000000	88.691701
354.000000	88.981593
355.000000	89.247315
356.000000	89.495576
357.000000	89.762757
358.000000	90.021924
359.000000	90.302137
360.000000	90.563092
361.000000	90.821996
362.000000	91.101596
363.000000	91.375495
364.000000	91.620885
365.000000	91.885018
366.000000	92.178505
367.000000	92.454432
368.000000	92.722698
369.000000	93.018158
370.000000	93.251216
371.000000	93.523625
372.000000	93.800550
373.000000	94.088940
374.000000	94.356350
375.000000	94.587731
376.000000	94.842405
377.000000	95.120502
378.000000	95.347258
379.000000	95.625860
380.000000	95.886496
381.000000	96.130504
382.000000	96.419465
383.000000	96.704161
384.000000	96.972339
385.000000	97.227779
386.000000	97.524182
387.000000	97.774318
388.000000	98.041411
389.000000	98.302880
390.000000	98.541287
391.000000	98.802209
392.000000	99.101133
393.000000	99.334410
394.000000	99.582781
395.000000	99.831535
396.000000	100.125768
397.000000	100.365731
398.000000	100.625228
399.000000	100.877840
400.000000	101.138817
401.000000	101.428095
402.000000	101.672454
403.000000	101.951242
404.000000	102.194242
405.000000	102.438020
406.000000	102.724053
407.000000	102.969509
408.000000	103.221584
409.000000	103.475348
410.000000	103.734022
411.000000	103.983106
412.000000	104.229229
413.000000	104.497572
414.000000	104.755994
415.000000	105.022089
416.000000	105.276401
417.000000	105.539964
418.000000	105.807977
419.000000	106.034678
420.000000	106.280747
421.000000	106.546447
422.000000	106.813989
423.000000	107.070811
424.000000	107.325287
425.000000	107.574184
426.000000	107.835128
427.000000	108.091566
428.000000	108.321018
429.000000	108.609178
430.000000	108.855652
431.000000	109.117100
432.000000	109.339492
433.000000	109.610487
434.000000	109.839676
435.000000	110.094810
436.000000	110.386105
437.000000	110.618056
438.000000	110.876039
439.000000	111.114994
440.000000	111.356898
441.000000	111.628266
442.000000	111.879662
443.000000	112.117258
444.000000	112.358010
445.000000	112.627788
446.000000	112.854182
447.000000	113.131282
448.000000	113.403318
449.000000	113.646669
450.000000	113.878587
451.000000	114.170331
452.000000	114.420883
453.000000	114.651596
454.000000	114.914687
455.000000	115.135776
456.000000	115.387347
457.000000	115.637746
458.000000	115.869554
459.000000	116.125411
460.000000	116.380129
461.000000	116.629979
462.000000	116.873461
463.000000	117.134997
464.000000	117.395995
465.000000	117.659054
466.000000	117.896726
467.000000	118.127789
468.000000	118.354424
469.000000	118.612517
470.000000	118.850793
471.000000	119.104524
472.000000	119.351963
473.000000	119.572635
474.000000	119.845010
475.000000	120.087955
476.000000	120.309416
477.000000	120.567170
478.000000	120.818467
479.000000	121.074380
480.000000	121.323288
481.000000	121.562265
482.000000	121.807994
483.000000	122.048648
484.000000	122.261011
485.000000	122.545477
486.000000	122.782032
487.000000	123.031740
488.000000	123.278291
489.000000	123.500936
490.000000	123.743716
491.000000	124.002993
492.000000	124.226910
493.000000	124.503243
494.000000	124.732552
495.000000	124.973568
496.000000	125.220174
497.000000	125.446326
498.000000	125.696999
499.000000	125.913187
500.000000	126.181014
501.000000	126.394024
502.000000	126.661796
503.000000	126.871759
504.000000	127.140737
505.000000	127.377237
506.000000	127.624040
507.000000	127.870821
508.000000	128.086922
509.000000	128.325801
510.000000	128.573338
511.000000	128.826730
512.000000	129.062626
513.000000	129.276831
514.000000	129.534760
515.000000	129.792963
516.000000	130.013931
517.000000	130.244994
518.000000	130.485012
519.000000	130.705333
520.000000	130.924130
521.000000	131.158789
522.000000	131.443792
523.000000	131.644229
524.000000	131.868321
525.000000	132.122512
526.000000	132.354671
527.000000	132.596005
528.000000	132.799522
529.000000	133.073871
530.000000	133.313758
531.000000	133.539889
532.000000	133.760111
533.000000	134.006673
534.000000	134.243524
535.000000	134.478116
536.000000	134.717586
537.000000	134.941590
538.000000	135.170428
539.000000	135.396307
540.000000	135.622042
541.000000	135.865239
542.000000	136.081384
543.000000	136.323956
544.000000	136.554449
545.000000	136.784098
546.000000	137.007631
547.000000	137.239703
548.000000	137.504734
549.000000	137.717295
550.000000	137.935785
551.000000	138.182293
552.000000	138.418047
553.000000	138.639848
554.000000	138.881269
555.000000	139.138256
556.000000	139.350082
557.000000	139.576344
558.000000	139.804655
559.000000	140.029821
560.000000	140.241505
561.000000	140.451982
562.000000	140.725159
563.000000	140.919797
564.000000	141.121013
565.000000	141.395384
566.000000	141.623104
567.000000	141.841857
568.000000	142.078434
569.000000	142.296628
570.000000	142.522583
571.000000	142.729488
572.000000	142.982780
573.000000	143.196710
574.000000	143.436510
575.000000	143.638328
576.000000	143.863264
577.000000	144.099314
578.000000	144.309529
579.000000	144.549416
580.000000	144.747189
581.000000	144.965833
582.000000	145.178109
583.000000	145.404458
584.000000	145.649376
585.000000	145.849222
586.000000	146.063196
587.000000	146.322287
588.000000	146.520280
589.000000	146.745654
590.000000	146.976596
591.000000	147.161228
592.000000	147.423716
593.000000	147.630522
594.000000	147.850186
595.000000	148.085973
596.000000	148.323075
597.000000	148.528774
598.000000	148.729518
599.000000	148.972376
600.000000	149.161282
601.000000	149.365413
602.000000	149.613378
603.000000	149.806000
604.000000	150.038422
605.000000	150.280479
606.000000	150.500921
607.000000	150.702476
608.000000	150.946221
609.000000	151.153345
610.000000	151.375266
611.000000	151.600432
612.000000	151.840198
613.000000	152.017902
614.000000	152.267840
615.000000	152.448931
616.000000	152.664955
617.000000	152.890450
618.000000	153.098472
619.000000	153.327935
620.000000	153.538314
621.000000	153.749384
622.000000	153.975175
623.000000	154.203980
624.000000	154.409086
625.000000	154.612987
626.000000	154.851405
627.000000	155.065139
628.000000	155.269818
629.000000	155.468085
630.000000	155.688877
631.000000	155.892416
632.000000	156.130637
633.000000	156.338988
634.000000	156.552415
635.000000	156.759495
636.000000	156.942876
637.000000	157.204916
638.000000	157.418649
639.000000	157.620445
640.000000	157.813725
641.000000	158.036633
642.000000	158.254477
643.000000	158.484904
644.000000	158.670215
645.000000	158.906133
646.000000	159.096662
647.000000	159.292243
648.000000	159.517869
649.000000	159.728216
650.000000	159.920903
651.000000	160.134494
652.000000	160.348447
653.000000	160.564175
654.000000	160.766355
655.000000	160.981064
656.000000	161.180865
657.000000	161.393886
658.000000	161.592460
659.000000	161.784293
660.000000	162.004548
661.000000	162.197049
662.000000	162.405390
663.000000	162.596170
664.000000	162.836046
665.000000	163.035749
666.000000	163.245076
667.000000	163.430606
668.000000	163.633970
669.000000	163.841773
670.000000	164.023751
671.000000	164.238340
672.000000	164.436190
673.000000	164.655667
674.000000	164.876229
675.000000	165.052267
676.000000	165.215216
677.000000	165.428073
678.000000	165.614743
679.000000	165.827720
680.000000	166.011353
681.000000	166.219694
682.000000	166.423825
683.000000	166.605804
684.000000	166.823165
685.000000	167.008903
686.000000	167.220543
687.000000	167.416004
688.000000	167.594321
689.000000	167.824595
690.000000	168.019409
691.000000	168.219967
692.000000	168.367736
693.000000	168.569116
694.000000	168.780810
695.000000	168.976008
696.000000	169.168663
697.000000	169.374033
698.000000	169.551988
699.000000	169.761151
700.000000	169.921700
701.000000	170.135751
702.000000	170.290480
703.000000	170.530838
704.000000	170.708060
705.000000	170.917310
706.000000	171.125080
707.000000	171.326767
708.000000	171.512439
709.000000	171.702869
710.000000	171.866521
711.000000	172.068909
712.000000	172.261125
713.000000	172.461453
714.000000	172.648879
715.000000	172.842674
716.000000	173.027886
717.000000	173.215093
718.000000	173.415509
719.000000	173.594747
720.000000	173.800171
721.000000	173.956029
722.000000	174.150591
723.000000	174.360116
724.000000	174.547016
725.000000	174.718471
726.000000	174.897918
727.000000	175.082790
728.000000	175.290637
729.000000	175.473383
730.000000	175.661062
731.000000	175.847984
732.000000	176.022432
733.000000	176.204388
734.000000	176.377368
735.000000	176.567502
736.000000	176.745929
737.000000	176.938112
738.000000	177.100766
739.000000	177.278119
740.000000	177.473569
741.000000	177.653454
742.000000	177.822334
743.000000	178.025281
744.000000	178.194205
745.000000	178.342335
746.000000	178.541008
747.000000	178.737532
748.000000	178.908922
749.000000	179.091448
750.000000	179.266192
751.000000	179.450078
752.000000	179.610781
753.000000	179.817674
754.000000	179.993416
755.000000	180.156640
756.000000	180.325706
757.000000	180.511773
758.000000	180.713274
759.000000	180.836051
760.000000	181.038856
761.000000	181.221843
762.000000	181.430501
763.000000	181.602735
764.000000	181.735958
765.000000	181.935715
766.000000	182.100331
767.000000	182.268016
768.000000	182.459181
769.000000	182.640962
770.000000	182.799779
771.000000	182.975093
772.000000	183.161511
773.000000	183.317610
774.000000	183.492168
775.000000	183.661837
776.000000	183.830629
777.000000	184.009319
778.000000	184.184425
779.000000	184.385498
780.000000	184.535350
781.000000	184.709162
782.000000	184.904963
783.000000	185.063999
784.000000	185.264974
785.000000	185.451907
786.000000	185.633469
787.000000	185.774748
788.000000	185.990498
789.000000	186.156101
790.000000	186.330746
791.000000	186.509524
792.000000	186.692270
793.000000	186.857697
794.000000	187.071441
795.000000	187.246843
796.000000	187.422848
797.000000	187.610460
798.000000	187.812904
799.000000	187.990059
800.000000	188.172169
801.000000	188.366808
802.000000	188.528717
803.000000	188.768099
804.000000	188.944159
805.000000	189.142513
806.000000	189.349725
807.000000	189.515601
808.000000	189.748955
809.000000	189.913231
810.000000	190.140030
811.000000	190.343898
812.000000	190.574095
813.000000	190.773974
814.000000	190.997989
815.000000	191.217433
816.000000	191.409781
817.000000	191.652901
818.000000	191.845490
819.000000	192.066984
820.000000	192.280279
821.000000	192.521821
822.000000	192.760392
823.000000	192.976142
824.000000	193.255796
825.000000	193.450523
826.000000	193.721814
827.000000	193.957152
828.000000	194.197082
829.000000	194.467803
830.000000	194.713576
831.000000	194.979923
832.000000	195.234213
833.000000	195.479153
834.000000	195.750016
835.000000	196.015278
836.000000	196.292663
837.000000	196.554265
838.000000	196.821204
839.000000	197.080240
840.000000	197.374999
841.000000	197.660133
842.000000	197.953785
843.000000	198.251372
844.000000	198.518114
845.000000	198.786675
846.000000	199.092812
847.000000	199.373770
848.000000	199.655365
849.000000	199.924901
850.000000	200.233219
851.000000	200.521949
852.000000	200.772852
853.000000	201.065057
854.000000	201.380631
855.000000	201.667684
856.000000	201.933209
857.000000	202.243796
858.000000	202.508149
859.000000	202.810416
860.000000	203.096833
861.000000	203.367082
862.000000	203.681955
863.000000	203.964163
864.000000	204.278247
865.000000	204.569849
866.000000	204.859445
867.000000	205.145478
868.000000	205.454015
869.000000	205.753268
870.000000	206.045243
871.000000	206.335902
872.000000	206.626923
873.000000	206.970591
874.000000	207.259113
875.000000	207.531522
876.000000	207.835904
877.000000	208.153463
878.000000	208.455039
879.000000	208.770241
880.000000	209.073451
881.000000	209.383621
882.000000	209.743566
883.000000	210.060313
884.000000	210.384788
885.000000	210.750904
886.000000	211.104054
887.000000	211.472143
888.000000	211.843302
889.000000	212.222210
890.000000	212.636556
891.000000	213.051220
892.000000	213.452412
893.000000	213.855622
894.000000	214.267852
895.000000	214.717033
896.000000	215.153740
897.000000	215.578521
898.000000	216.053713
899.000000	216.558620
900.000000	217.059977
901.000000	217.513608
902.000000	218.028643
903.000000	218.515969
904.000000	219.021743
905.000000	219.522792
906.000000	220.050061
907.000000	220.569788
908.000000	221.062430
909.000000	221.564401
910.000000	222.044755
911.000000	222.545969
912.000000	223.046766
913.000000	223.585610
914.000000	224.122272
915.000000	224.690733
916.000000	225.256191
917.000000	225.853107
918.000000	226.488355
919.000000	227.137151
920.000000	227.779721
921.000000	228.422006
922.000000	229.080886
923.000000	229.755452
924.000000	230.405520
925.000000	231.053910
926.000000	231.739711
927.000000	232.379552
928.000000	233.051673
929.000000	233.686044
930.000000	234.343259
931.000000	234.964597
932.000000	235.591591
933.000000	236.196059
934.000000	236.777597
935.000000	237.355649
936.000000	237.903963
937.000000	238.434805
938.000000	238.970339
939.000000	239.511539
940.000000	240.021314
941.000000	240.533774
942.000000	241.042858
943.000000	241.570039
944.000000	242.111765
945.000000	242.746816
946.000000	243.472691
947.000000	244.234520
948.000000	245.005106
949.000000	245.753605
950.000000	246.511926
951.000000	247.172067
952.000000	247.828602
953.000000	248.423249
954.000000	248.980058
955.000000	249.490775
956.000000	249.964049
957.000000	250.386199
958.000000	250.806727
959.000000	251.262562
960.000000	251.609189
961.000000	252.048987
962.000000	252.351725
963.000000	252.718960
964.000000	252.993199
965.000000	253.368403
966.000000	253.714833
967.000000	254.092645
968.000000	254.482295
969.000000	254.889834
970.000000	255.301933
971.000000	255.724620
972.000000	256.168068
973.000000	256.599569
974.000000	257.020875
975.000000	257.465836
976.000000	257.899715
977.000000	258.320780
978.000000	258.738864
979.000000	259.163414
980.000000	259.590070
981.000000	259.996984
982.000000	260.418433
983.000000	260.844091
984.000000	261.249734
985.000000	261.673112
986.000000	262.079554
987.000000	262.507317
988.000000	262.883562
989.000000	263.290980
990.000000	263.659859
991.000000	264.070061
992.000000	264.449441
993.000000	264.836877
994.000000	265.233520
995.000000	265.633321
996.000000	266.017085
997.000000	266.384221
998.000000	266.763841
999.000000	267.122033
1000.000000	267.502136
1001.000000	267.885155
1002.000000	268.265565
1003.000000	268.606547
1004.000000	268.956145
1005.000000	269.310478
1006.000000	269.662016
1007.000000	270.007624
1008.000000	270.341306
1009.000000	270.687769
1010.000000	271.019226
1011.000000	271.402585
1012.000000	271.759603
1013.000000	272.103786
1014.000000	272.405889
1015.000000	272.785477
1016.000000	273.099780
1017.000000	273.437079
1018.000000	273.753256
1019.000000	274.098809
1020.000000	274.445601
1021.000000	274.788513
1022.000000	275.087535
1023.000000	275.426040
1024.000000	275.751852
1025.000000	276.046085
1026.000000	276.378846
1027.000000	276.691943
1028.000000	277.028289
1029.000000	277.323826
1030.000000	277.637646
1031.000000	277.970528
1032.000000	278.260673
1033.000000	278.569023
1034.000000	278.879796
1035.000000	279.188739
1036.000000	279.492968
1037.000000	279.808630
1038.000000	280.104935
1039.000000	280.423961
1040.000000	280.691427
1041.000000	281.016789
1042.000000	281.337197
1043.000000	281.642885
1044.000000	281.876841
1045.000000	282.204539
1046.000000	282.474832
1047.000000	282.782076
1048.000000	283.067813
1049.000000	283.338633
1050.000000	283.624458
1051.000000	283.894971
1052.000000	284.178242
1053.000000	284.438012
1054.000000	284.747591
1055.000000	285.018520
1056.000000	285.310582
1057.000000	285.571295
1058.000000	285.848900
1059.000000	286.128159
1060.000000	286.406301
1061.000000	286.632957
1062.000000	286.925502
1063.000000	287.222968
1064.000000	287.485293
1065.000000	287.758633
1066.000000	288.041192
1067.000000	288.317536
1068.000000	288.575728
1069.000000	288.839982
1070.000000	289.043762
1071.000000	289.321739
1072.000000	289.561823
1073.000000	289.811137
1074.000000	290.033782
1075.000000	290.306432
1076.000000	290.557455
1077.000000	290.800707
1078.000000	291.032428
1079.000000	291.298643
1080.000000	291.540865
1081.000000	291.799835
1082.000000	292.027708
1083.000000	292.274106
1084.000000	292.482381
1085.000000	292.733492
1086.000000	292.977160
1087.000000	293.196319
1088.000000	293.407948
1089.000000	293.620991
1090.000000	293.859694
1091.000000	294.081253
1092.000000	294.313774
1093.000000	294.538118
1094.000000	294.780120
1095.000000	294.973082
1096.000000	295.190202
1097.000000	295.391166
1098.000000	295.609349
1099.000000	295.828925
1100.000000	296.072286
1101.000000	296.261949
1102.000000	296.472098
1103.000000	296.668315
1104.000000	296.858997
1105.000000	297.059555
1106.000000	297.260759
1107.000000	297.443845
1108.000000	297.592852
1109.000000	297.743361
1110.000000	297.878940
1111.000000	298.061588
1112.000000	298.271890
1113.000000	298.450164
1114.000000	298.606570
1115.000000	298.805790
1116.000000	298.982979
1117.000000	299.175469
1118.000000	299.358938
1119.000000	299.575620
1120.000000	299.794374
1121.000000	299.960557
1122.000000	300.224372
1123.000000	300.443356
1124.000000	300.638762
1125.000000	300.898785
1126.000000	301.127787
1127.000000	301.377375
1128.000000	301.602782
1129.000000	301.848916
1130.000000	302.093133
1131.000000	302.355808
1132.000000	302.562000
1133.000000	302.852539
1134.000000	303.085169
1135.000000	303.315629
1136.000000	303.575663
1137.000000	303.785636
1138.000000	304.025874
1139.000000	304.282488
1140.000000	304.548857
1141.000000	304.789993
1142.000000	305.003507
1143.000000	305.246551
1144.000000	305.501838
1145.000000	305.691588
1146.000000	305.967527
1147.000000	306.227823
1148.000000	306.474265
1149.000000	306.702160
1150.000000	306.956066
1151.000000	307.163376
1152.000000	307.405696
1153.000000	307.665215
1154.000000	307.916194
1155.000000	308.147203
1156.000000	308.382321
1157.000000	308.620092
1158.000000	308.852405
1159.000000	309.086241
1160.000000	309.357762
1161.000000	309.596345
1162.000000	309.840101
1163.000000	310.051872
1164.000000	310.286892
1165.000000	310.548011
1166.000000	310.773505
1167.000000	311.015880
1168.000000	311.237462
1169.000000	311.497463
1170.000000	311.707688
1171.000000	311.927001
1172.000000	312.180129
1173.000000	312.360496
1174.000000	312.615849
1175.000000	312.864669
1176.000000	313.096752
1177.000000	313.328724
1178.000000	313.567669
1179.000000	313.772041
1180.000000	314.024161
1181.000000	314.244240
1182.000000	314.463827
1183.000000	314.703725
1184.000000	314.917622
1185.000000	315.156446
1186.000000	315.398437
1187.000000	315.610702
1188.000000	315.844154
1189.000000	316.075743
1190.000000	316.298136
1191.000000	316.519926
1192.000000	316.747152
1193.000000	316.936859
1194.000000	317.180790
1195.000000	317.395455
1196.000000	317.622748
1197.000000	317.841863
1198.000000	318.073901
1199.000000	318.276268
1200.000000	318.534767
1201.000000	318.737561
1202.000000	318.939829
1203.000000	319.193526
1204.000000	319.414385
1205.000000	319.631757
1206.000000	319.848055
1207.000000	320.093631
1208.000000	320.280147
1209.000000	320.503362
1210.000000	320.722960
1211.000000	320.943094
1212.000000	321.143323
1213.000000	321.339858
1214.000000	321.546818
1215.000000	321.780654
1216.000000	321.957272
1217.000000	322.180158
1218.000000	322.366499
1219.000000	322.536421
1220.000000	322.738075
1221.000000	322.895193
1222.000000	323.096880
1223.000000	323.257418
1224.000000	323.451279
1225.000000	323.566503
1226.000000	323.711104
1227.000000	323.872837
1228.000000	323.987854
1229.000000	324.123104
1230.000000	324.277954
1231.000000	324.407921
1232.000000	324.476955
1233.000000	324.601782
1234.000000	324.705870
1235.000000	324.795467
1236.000000	324.895280
1237.000000	324.998535
1238.000000	325.073565
1239.000000	325.194686
1240.000000	325.239595
1241.000000	325.322264
1242.000000	325.367753
1243.000000	325.429739
1244.000000	325.503706
1245.000000	325.550828
1246.000000	325.563313
1247.000000	325.620388
1248.000000	325.682714
1249.000000	325.716288
1250.000000	325.727688
1251.000000	325.755803
1252.000000	325.791340
1253.000000	325.779074
1254.000000	325.782889
1255.000000	325.826240
1256.000000	325.839975
1257.000000	325.795713
1258.000000	325.838265
1259.000000	325.835733
1260.000000	325.829923
1261.000000	325.806850
1262.000000	325.793674
1263.000000	325.748679
1264.000000	325.733980
1265.000000	325.721966
1266.000000	325.697588
1267.000000	325.660890
1268.000000	325.622646
1269.000000	325.570361
1270.000000	325.539681
1271.000000	325.481049
1272.000000	325.430024
1273.000000	325.378528
1274.000000	325.311150
1275.000000	325.268061
1276.000000	325.198742
1277.000000	325.148857
1278.000000	325.069564
1279.000000	324.991311
1280.000000	324.932099
1281.000000	324.829458
1282.000000	324.781546
1283.000000	324.678675
1284.000000	324.590152
1285.000000	324.544794
1286.000000	324.453816
1287.000000	324.361314
1288.000000	324.269382
1289.000000	324.158356
1290.000000	324.062127
1291.000000	323.973582
1292.000000	323.869373
1293.000000	323.804593
1294.000000	323.667303
1295.000000	323.559225
1296.000000	323.488426
1297.000000	323.368193
1298.000000	323.239595
1299.000000	323.105956
1300.000000	323.017520
1301.000000	322.881448
1302.000000	322.760150
1303.000000	322.643632
1304.000000	322.537188
1305.000000	322.374874
1306.000000	322.245356
1307.000000	322.158247
1308.000000	322.020486
1309.000000	321.881431
1310.000000	321.760463
1311.000000	321.582091
1312.000000	321.467162
1313.000000	321.323570
1314.000000	321.184176
1315.000000	321.029589
1316.000000	320.894054
1317.000000	320.753015
1318.000000	320.584442
1319.000000	320.455768
1320.000000	320.278591
1321.000000	320.127655
1322.000000	320.018744
1323.000000	319.863708
1324.000000	319.717277
1325.000000	319.556344
1326.000000	319.387025
1327.000000	319.237656
1328.000000	319.059240
1329.000000	318.898603
1330.000000	318.765534
1331.000000	318.610662
1332.000000	318.412023
1333.000000	318.283798
1334.000000	318.078472
1335.000000	317.927262
1336.000000	317.763380
1337.000000	317.623931
1338.000000	317.424755
1339.000000	317.250931
1340.000000	317.107986
1341.000000	316.939961
1342.000000	316.789452
1343.000000	316.606070
1344.000000	316.428728
1345.000000	316.244580
1346.000000	316.069901
1347.000000	315.885423
1348.000000	315.727494
1349.000000	315.580416
1350.000000	315.348465
1351.000000	315.192881
1352.000000	315.027038
1353.000000	314.837452
1354.000000	314.671773
1355.000000	314.524541
1356.000000	314.307421
1357.000000	314.171458
1358.000000	314.016532
1359.000000	313.790576
1360.000000	313.579123
1361.000000	313.405881
1362.000000	313.221940
1363.000000	313.068000
1364.000000	312.835995
1365.000000	312.681978
1366.000000	312.512726
1367.000000	312.306479
1368.000000	312.125136
1369.000000	311.951905
1370.000000	311.768589
1371.000000	311.585043
1372.000000	311.395753
1373.000000	311.211714
1374.000000	311.042067
1375.000000	310.850311
1376.000000	310.689049
1377.000000	310.497216
1378.000000	310.308058
1379.000000	310.086970
1380.000000	309.897603
1381.000000	309.739827
1382.000000	309.528484
1383.000000	309.356293
1384.000000	309.150978
1385.000000	308.951122
1386.000000	308.756779
1387.000000	308.584216
1388.000000	308.405164
1389.000000	308.172106
1390.000000	307.991542
1391.000000	307.782906
1392.000000	307.618816
1393.000000	307.417524
1394.000000	307.235567
1395.000000	307.056219
1396.000000	306.858303
1397.000000	306.659806
1398.000000	306.476819
1399.000000	306.284756
1400.000000	306.089679
1401.000000	305.887345
1402.000000	305.716624
1403.000000	305.512734
1404.000000	305.321723
1405.000000	305.111695
1406.000000	304.931086
1407.000000	304.737160
1408.000000	304.537468
1409.000000	304.343870
1410.000000	304.142206
1411.000000	303.927826
1412.000000	303.744663
1413.000000	303.550277
1414.000000	303.355024
1415.000000	303.164156
1416.000000	302.988206
1417.000000	302.756726
1418.000000	302.583133
1419.000000	302.384165
1420.000000	302.175550
1421.000000	301.962727
1422.000000	301.773328
1423.000000	301.586066
1424.000000	301.373429
1425.000000	301.162425
1426.000000	300.972192
1427.000000	300.789764
1428.000000	300.578914
1429.000000	300.378663
1430.000000	300.181065
1431.000000	299.970510
1432.000000	299.786975
1433.000000	299.576278
1434.000000	299.397467
1435.000000	299.170548
1436.000000	298.992723
1437.000000	298.772457
1438.000000	298.589920
1439.000000	298.411449
1440.000000	298.192290
1441.000000	297.988630
1442.000000	297.813776
1443.000000	297.627194
1444.000000	297.409766
1445.000000	297.231065
1446.000000	297.024621
1447.000000	296.814856
1448.000000	296.624174
1449.000000	296.424811
1450.000000	296.212119
1451.000000	296.015463
1452.000000	295.825154
1453.000000	295.630680
1454.000000	295.430133
1455.000000	295.242926
1456.000000	295.040000
1457.000000	294.843126
1458.000000	294.623528
1459.000000	294.462343
1460.000000	294.284650
1461.000000	294.068977
1462.000000	293.865131
1463.000000	293.656264
1464.000000	293.468849
1465.000000	293.280195
1466.000000	293.090664
1467.000000	292.899752
1468.000000	292.697002
1469.000000	292.517292
1470.000000	292.334722
1471.000000	292.131972
1472.000000	291.941301
1473.000000	291.770514
1474.000000	291.591868
1475.000000	291.383440
1476.000000	291.202437
1477.000000	291.030630
1478.000000	290.854592
1479.000000	290.642317
1480.000000	290.437824
1481.000000	290.270303
1482.000000	290.088062
1483.000000	289.875721
1484.000000	289.697710
1485.000000	289.520796
1486.000000	289.338346
1487.000000	289.131354
1488.000000	288.965115
1489.000000	288.773294
1490.000000	288.577844
1491.000000	288.410882
1492.000000	288.216177
1493.000000	288.041006
1494.000000	287.838617
1495.000000	287.677312
1496.000000	287.496484
1497.000000	287.296847
1498.000000	287.137449
1499.000000	286.949792
1500.000000	286.769425
1501.000000	286.587962
1502.000000	286.413798
1503.000000	286.239975
1504.000000	286.037049
1505.000000	285.899924
1506.000000	285.719239
1507.000000	285.517322
1508.000000	285.360697
1509.000000	285.202921
1510.000000	285.024581
1511.000000	284.842954
1512.000000	284.676595
1513.000000	284.499713
1514.000000	284.336840
1515.000000	284.164562
1516.000000	284.007159
1517.000000	283.823547
1518.000000	283.648726
1519.000000	283.480493
1520.000000	283.321917
1521.000000	283.151491
1522.000000	282.994241
1523.000000	282.830206
1524.000000	282.660680
1525.000000	282.492841
1526.000000	282.325726
1527.000000	282.166065
1528.000000	281.990104
1529.000000	281.820555
1530.000000	281.651719
1531.000000	281.490282
1532.000000	281.307887
1533.000000	281.177207
1534.000000	281.001148
1535.000000	280.855889
1536.000000	280.705139
1537.000000	280.546519
1538.000000	280.365034
1539.000000	280.166548
1540.000000	280.025750
1541.000000	279.861113
1542.000000	279.685031
1543.000000	279.512720
1544.000000	279.348850
1545.000000	279.212119
1546.000000	279.036739
1547.000000	278.871181
1548.000000	278.749599
1549.000000	278.584621
1550.000000	278.433849
1551.000000	278.264016
1552.000000	278.103302
1553.000000	277.986740
1554.000000	277.771242
1555.000000	277.596783
1556.000000	277.465686
1557.000000	277.316285
1558.000000	277.146429
1559.000000	276.988302
1560.000000	276.814238
1561.000000	276.652834
1562.000000	276.510842
1563.000000	276.363435
1564.000000	276.190664
1565.000000	276.023658
1566.000000	275.898799
1567.000000	275.759635
1568.000000	275.583937
1569.000000	275.440838
1570.000000	275.278940
1571.000000	275.133211
1572.000000	274.985530
1573.000000	274.855201
1574.000000	274.684786
1575.000000	274.536459
1576.000000	274.371931
1577.000000	274.247564
1578.000000	274.090808
1579.000000	273.935761
1580.000000	273.810583
1581.000000	273.681734
1582.000000	273.535796
1583.000000	273.406333
1584.000000	273.278064
1585.000000	273.140994
1586.000000	272.971577
1587.000000	272.840239
1588.000000	272.695376
1589.000000	272.562405
1590.000000	272.428710
1591.000000	272.309025
1592.000000	272.185908
1593.000000	272.053759
1594.000000	271.916875
1595.000000	271.821556
1596.000000	271.704337
1597.000000	271.567507
1598.000000	271.446572
1599.000000	271.317690
1600.000000	271.174481
1601.000000	271.070667
1602.000000	270.930265
1603.000000	270.793600
1604.000000	270.646062
1605.000000	270.516576
1606.000000	270.392945
1607.000000	270.229743
1608.000000	270.092957
1609.000000	269.967868
1610.000000	269.817381
1611.000000	269.675860
1612.000000	269.548600
1613.000000	269.418370
1614.000000	269.297982
1615.000000	269.138496
1616.000000	269.012738
1617.000000	268.846379
1618.000000	268.710920
1619.000000	268.579429
1620.000000	268.429183
1621.000000	268.288145
1622.000000	268.119188
1623.000000	268.003602
1624.000000	267.830502
1625.000000	267.694013
1626.000000	267.551089
1627.000000	267.420771
1628.000000	267.258588
1629.000000	267.141215
1630.000000	267.004967
1631.000000	266.832031
1632.000000	266.690390
1633.000000	266.513235
1634.000000	266.393527
1635.000000	266.218377
1636.000000	266.074390
1637.000000	265.941693
1638.000000	265.786384
1639.000000	265.632159
1640.000000	265.502597
1641.000000	265.378724
1642.000000	265.254171
1643.000000	265.119447
1644.000000	264.957330
1645.000000	264.799839
1646.000000	264.642545
1647.000000	264.495599
1648.000000	264.352083
1649.000000	264.243205
1650.000000	264.066543
1651.000000	263.931687
1652.000000	263.776278
1653.000000	263.653578
1654.000000	263.509229
1655.000000	263.356747
1656.000000	263.214131
1657.000000	263.076041
1658.000000	262.911611
1659.000000	262.782082
1660.000000	262.681250
1661.000000	262.504072
1662.000000	262.348138
1663.000000	262.237714
1664.000000	262.024474
1665.000000	261.882066
1666.000000	261.765559
1667.000000	261.629321
1668.000000	261.466755
1669.000000	261.349810
1670.000000	261.181423
1671.000000	261.028163
1672.000000	260.912281
1673.000000	260.746580
1674.000000	260.610540
1675.000000	260.452643
1676.000000	260.293606
1677.000000	260.153160
1678.000000	260.043942
1679.000000	259.893302
1680.000000	259.732741
1681.000000	259.582726
1682.000000	259.454622
1683.000000	259.303225
1684.000000	259.145690
1685.000000	258.998108
1686.000000	258.815483
1687.000000	258.710101
1688.000000	258.581252
1689.000000	258.444971
1690.000000	258.291996
1691.000000	258.147647
1692.000000	257.999155
1693.000000	257.846542
1694.000000	257.711411
1695.000000	257.571195
1696.000000	257.436164
1697.000000	257.282772
1698.000000	257.111722
1699.000000	257.002603
1700.000000	256.859482
1701.000000	256.719408
1702.000000	256.593858
1703.000000	256.402705
1704.000000	256.270512
1705.000000	256.117438
1706.000000	255.997281
1707.000000	255.830353
1708.000000	255.714361
1709.000000	255.574572
1710.000000	255.439343
1711.000000	255.308126
1712.000000	255.174958
1713.000000	255.030368
1714.000000	254.862376
1715.000000	254.721393
1716.000000	254.596818
1717.000000	254.473822
1718.000000	254.322919
1719.000000	254.189915
1720.000000	254.057108
1721.000000	253.942805
1722.000000	253.804287
1723.000000	253.684591
1724.000000	253.562932
1725.000000	253.442270
1726.000000	253.352344
1727.000000	253.245308
1728.000000	253.133986
1729.000000	253.015209
1730.000000	252.931246
1731.000000	252.851712
1732.000000	252.764416
1733.000000	252.639754
1734.000000	252.613929
1735.000000	252.503868
1736.000000	252.411311
1737.000000	252.334692
1738.000000	252.307442
1739.000000	252.228718
1740.000000	252.159345
1741.000000	252.115522
1742.000000	252.049919
1743.000000	251.986815
1744.000000	251.927197
1745.000000	251.877772
1746.000000	251.833598
1747.000000	251.779033
1748.000000	251.763819
1749.000000	251.712959
1750.000000	251.692505
1751.000000	251.647455
1752.000000	251.603917
1753.000000	251.588933
1754.000000	251.594994
1755.000000	251.561223
1756.000000	251.537371
1757.000000	251.525960
1758.000000	251.500991
1759.000000	251.496211
1760.000000	251.486500
1761.000000	251.487322
1762.000000	251.471505
1763.000000	251.443729
1764.000000	251.497308
1765.000000	251.450404
1766.000000	251.457858
1767.000000	251.481008
1768.000000	251.435377
1769.000000	251.419702
1770.000000	251.407349
1771.000000	251.404795
1772.000000	251.393614
1773.000000	251.383782
1774.000000	251.355107
1775.000000	251.340288
1776.000000	251.326422
1777.000000	251.314617
1778.000000	251.334106
1779.000000	251.296936
1780.000000	251.290600
1781.000000	251.265861
1782.000000	251.258111
1783.000000	251.212699
1784.000000	251.224877
1785.000000	251.179004
1786.000000	251.164546
1787.000000	251.172701
1788.000000	251.129722
1789.000000	251.110551
1790.000000	251.090273
1791.000000	251.089549
1792.000000	251.066103
1793.000000	251.042208
1794.000000	250.996828
1795.000000	251.007165
1796.000000	250.966520
1797.000000	250.951745
1798.000000	250.921272
1799.000000	250.922818
1800.000000	250.901367
1801.000000	250.853576
1802.000000	250.892795
1803.000000	250.819651
1804.000000	250.814038
1805.000000	250.742812
1806.000000	250.737003
1807.000000	250.749016
1808.000000	250.723663
1809.000000	250.718544
1810.000000	250.682230
1811.000000	250.677900
1812.000000	250.654640
1813.000000	250.639667
1814.000000	250.614533
1815.000000	250.613546
1816.000000	250.568068
1817.000000	250.542671
1818.000000	250.518874
1819.000000	250.496239
1820.000000	250.466786
1821.000000	250.482296
1822.000000	250.434834
1823.000000	250.434275
1824.000000	250.394716
1825.000000	250.366820
1826.000000	250.317746
1827.000000	250.308901
1828.000000	250.307191
1829.000000	250.285071
1830.000000	250.266283
1831.000000	250.230911
1832.000000	250.182934
1833.000000	250.186990
1834.000000	250.165747
1835.000000	250.105570
1836.000000	250.093468
1837.000000	250.110107
1838.000000	250.117134
1839.000000	250.050095
1840.000000	250.028238
1841.000000	250.037467
1842.000000	249.983867
1843.000000	249.982036
1844.000000	249.951663
1845.000000	249.932590
1846.000000	249.907445
1847.000000	249.863874
1848.000000	249.868379
1849.000000	249.812674
1850.000000	249.810011
1851.000000	249.792155
1852.000000	249.772611
1853.000000	249.752376
1854.000000	249.715459
1855.000000	249.718846
1856.000000	249.690292
1857.000000	249.655534
1858.000000	249.645175
1859.000000	249.615142
1860.000000	249.597987
1861.000000	249.574947
1862.000000	249.519538
1863.000000	249.487081
1864.000000	249.464852
1865.000000	249.461695
1866.000000	249.422070
1867.000000	249.384221
1868.000000	249.364009
1869.000000	249.330292
1870.000000	249.292223
1871.000000	249.291336
1872.000000	249.246471
1873.000000	249.219331
1874.000000	249.205169
1875.000000	249.156227
1876.000000	249.120209
1877.000000	249.069853
1878.000000	249.044708
1879.000000	248.983259
1880.000000	248.947492
1881.000000	248.926874
1882.000000	248.884169
1883.000000	248.839491
1884.000000	248.778097
1885.000000	248.764922
1886.000000	248.730646
1887.000000	248.684828
1888.000000	248.640380
1889.000000	248.621121
1890.000000	248.590616
1891.000000	248.557798
1892.000000	248.546990
1893.000000	248.503014
1894.000000	248.468322
1895.000000	248.445402
1896.000000	248.410413
1897.000000	248.414239
1898.000000	248.378911
1899.000000	248.368399
1900.000000	248.322559
1901.000000	248.331131
1902.000000	248.310030
1903.000000	248.297447
1904.000000	248.302325
1905.000000	248.284458
1906.000000	248.238837
1907.000000	248.248998
1908.000000	248.232819
1909.000000	248.220115
1910.000000	248.213889
1911.000000	248.190344
1912.000000	248.187571
1913.000000	248.164827
1914.000000	248.156672
1915.000000	248.135001
1916.000000	248.118373
1917.000000	248.088197
1918.000000	248.070889
1919.000000	248.058645
1920.000000	248.030354
1921.000000	248.019272
1922.000000	247.999476
1923.000000	247.984766
1924.000000	247.961123
1925.000000	247.923044
1926.000000	247.908936
1927.000000	247.868303
1928.000000	247.837787
1929.000000	247.801746
1930.000000	247.769893
1931.000000	247.765256
1932.000000	247.736494
1933.000000	247.693449
1934.000000	247.643466
1935.000000	247.610155
1936.000000	247.592036
1937.000000	247.519473
1938.000000	247.492563
1939.000000	247.442799
1940.000000	247.392607
1941.000000	247.371145
1942.000000	247.308776
1943.000000	247.270948
1944.000000	247.252490
1945.000000	247.174972
1946.000000	247.134086
1947.000000	247.097794
1948.000000	247.010838
1949.000000	246.953829
1950.000000	246.896677
1951.000000	246.844041
1952.000000	246.783096
1953.000000	246.704099
1954.000000	246.667992
1955.000000	246.610939
1956.000000	246.529080
1957.000000	246.487373
1958.000000	246.438398
1959.000000	246.351717
1960.000000	246.297809
1961.000000	246.250599
1962.000000	246.182574
1963.000000	246.123635
1964.000000	246.048825
1965.000000	246.027395
1966.000000	245.999422
1967.000000	245.936165
1968.000000	245.906635
1969.000000	245.862275
1970.000000	245.814670
1971.000000	245.763525
1972.000000	245.741022
1973.000000	245.706932
1974.000000	245.668732
1975.000000	245.633054
1976.000000	245.618607
1977.000000	245.582369
1978.000000	245.556226
1979.000000	245.532166
1980.000000	245.508041
1981.000000	245.487828
1982.000000	245.469775
1983.000000	245.445364
1984.000000	245.405981
1985.000000	245.374018
1986.000000	245.359483
1987.000000	245.332891
1988.000000	245.316460
1989.000000	245.344345
1990.000000	245.314531
1991.000000	245.324473
1992.000000	245.284683
1993.000000	245.264252
1994.000000	245.251109
1995.000000	245.280222
1996.000000	245.249947
1997.000000	245.214948
1998.000000	245.208952
1999.000000	245.166192
2000.000000	245.188488
2001.000000	245.187074
2002.000000	245.159977
2003.000000	245.134723
2004.000000	245.112088
2005.000000	245.108405
2006.000000	245.102990
2007.000000	245.076847
2008.000000	245.048326
2009.000000	245.022885
2010.000000	245.029396
2011.000000	244.989015
2012.000000	244.934351
2013.000000	244.913448
2014.000000	244.881595
2015.000000	244.884620
2016.000000	244.870042
2017.000000	244.849533
2018.000000	244.819861
2019.000000	244.810796
2020.000000	244.793116
2021.000000	244.771631
2022.000000	244.749808
2023.000000	244.725013
2024.000000	244.707574
2025.000000	244.697435
2026.000000	244.678143
2027.000000	244.637806
2028.000000	244.643264
2029.000000	244.623008
2030.000000	244.613307
2031.000000	244.581794
2032.000000	244.563938
2033.000000	244.560244
2034.000000	244.538113
2035.000000	244.537313
2036.000000	244.495507
2037.000000	244.476993
2038.000000	244.454271
2039.000000	244.431000
2040.000000	244.435801
2041.000000	244.388777
2042.000000	244.383614
2043.000000	244.423996
2044.000000	244.364564
2045.000000	244.340471
2046.000000	244.343321
2047.000000	244.326013
2048.000000	244.315096
2049.000000	244.260487
2050.000000	244.282497
2051.000000	244.240822
2052.000000	244.215085
2053.000000	244.182826
2054.000000	244.226770
2055.000000	244.133523
2056.000000	244.119898
2057.000000	244.095443
2058.000000	244.070660
2059.000000	244.070572
2060.000000	244.054821
2061.000000	244.003468
2062.000000	244.002218
2063.000000	243.971888
2064.000000	243.984746
2065.000000	243.950821
2066.000000	243.922223
2067.000000	243.897549
2068.000000	243.858242
2069.000000	243.841822
2070.000000	243.830302
2071.000000	243.803984
2072.000000	243.756335
2073.000000	243.768930
2074.000000	243.734205
2075.000000	243.710276
2076.000000	243.690053
2077.000000	243.680977
2078.000000	243.658791
2079.000000	243.635258
2080.000000	243.610617
2081.000000	243.594252
2082.000000	243.572022
2083.000000	243.560820
2084.000000	243.523990
2085.000000	243.528254
2086.000000	243.487763
2087.000000	243.462695
2088.000000	243.454463
2089.000000	243.420483
2090.000000	243.400654
2091.000000	243.358979
2092.000000	243.376167
2093.000000	243.346297
2094.000000	243.307725
2095.000000	243.288871
2096.000000	243.262268
2097.000000	243.227949
2098.000000	243.235293
2099.000000	243.186110
2100.000000	243.158531
2101.000000	243.106104
2102.000000	243.062006
2103.000000	243.026437
2104.000000	242.940622
2105.000000	242.910380
2106.000000	242.894267
2107.000000	242.808374
2108.000000	242.783514
2109.000000	242.696438
2110.000000	242.610743
2111.000000	242.523612
2112.000000	242.473300
2113.000000	242.394193
2114.000000	242.329510
2115.000000	242.259227
2116.000000	242.180383
2117.000000	242.078520
2118.000000	241.980998
2119.000000	241.913740
2120.000000	241.794043
2121.000000	241.767473
2122.000000	241.625832
2123.000000	241.502989
2124.000000	241.388860
2125.000000	241.327214
2126.000000	241.208340
2127.000000	241.112023
2128.000000	241.011180
2129.000000	240.914414
2130.000000	240.792678
2131.000000	240.662590
2132.000000	240.536405
2133.000000	240.423175
2134.000000	240.339278
2135.000000	240.135267
2136.000000	240.051490
2137.000000	239.840355
2138.000000	239.689013
2139.000000	239.478809
2140.000000	239.289552
2141.000000	239.045248
2142.000000	238.797984
2143.000000	238.547092
2144.000000	238.295653
2145.000000	238.019002
2146.000000	237.760832
2147.000000	237.479939
2148.000000	237.197643
2149.000000	236.924006
2150.000000	236.612060
2151.000000	236.317883
2152.000000	236.013303
2153.000000	235.715738
2154.000000	235.435020
2155.000000	235.129399
2156.000000	234.812751
2157.000000	234.515394
2158.000000	234.209367
2159.000000	233.902441
2160.000000	233.603857
2161.000000	233.287011
2162.000000	232.999246
2163.000000	232.691432
2164.000000	232.420481
2165.000000	232.108765
2166.000000	231.800491
2167.000000	231.531798
2168.000000	231.231055
2169.000000	230.940001
2170.000000	230.653551
2171.000000	230.357816
2172.000000	230.071520
2173.000000	229.803572
2174.000000	229.501601
2175.000000	229.214438
2176.000000	228.954405
2177.000000	228.656599
2178.000000	228.403613
2179.000000	228.145235
2180.000000	227.838616
2181.000000	227.592098
2182.000000	227.333807
2183.000000	227.050963
2184.000000	226.806001
2185.000000	226.485933
2186.000000	226.252974
2187.000000	225.970667
2188.000000	225.712650
2189.000000	225.435418
2190.000000	225.164632
2191.000000	224.937087
2192.000000	224.703657
2193.000000	224.412153
2194.000000	224.180915
2195.000000	223.906972
2196.000000	223.696691
2197.000000	223.407610
2198.000000	223.174377
2199.000000	222.922860
2200.000000	222.683719
2201.000000	222.416692
2202.000000	222.173944
2203.000000	221.945841
2204.000000	221.697755
2205.000000	221.474157
2206.000000	221.220316
2207.000000	220.973502
2208.000000	220.743754
2209.000000	220.490122
2210.000000	220.275611
2211.000000	220.008496
2212.000000	219.808848
2213.000000	219.561551
2214.000000	219.357628
2215.000000	219.111527
2216.000000	218.892751
2217.000000	218.636696
2218.000000	218.409152
2219.000000	218.200932
2220.000000	217.965792
2221.000000	217.747849
2222.000000	217.533941
2223.000000	217.297912
2224.000000	217.079564
2225.000000	216.837091
2226.000000	216.610204
2227.000000	216.410698
2228.000000	216.203827
2229.000000	215.986410
2230.000000	215.786039
2231.000000	215.532111
2232.000000	215.345868
2233.000000	215.119760
2234.000000	214.932410
2235.000000	214.709886
2236.000000	214.508868
2237.000000	214.301646
2238.000000	214.084909
2239.000000	213.873105
2240.000000	213.671977
2241.000000	213.484912
2242.000000	213.253060
2243.000000	213.033134
2244.000000	212.853435
2245.000000	212.662622
2246.000000	212.440547
2247.000000	212.237413
2248.000000	212.061025
2249.000000	211.838972
2250.000000	211.649573
2251.000000	211.445792
2252.000000	211.269503
2253.000000	211.068452
2254.000000	210.878844
2255.000000	210.688656
2256.000000	210.479471
2257.000000	210.308202
2258.000000	210.085699
2259.000000	209.913115
2260.000000	209.723989
2261.000000	209.532803
2262.000000	209.332377
2263.000000	209.180553
2264.000000	208.982889
2265.000000	208.790344
2266.000000	208.618482
2267.000000	208.441009
2268.000000	208.240670
2269.000000	208.083486
2270.000000	207.906276
2271.000000	207.717797
2272.000000	207.582963
2273.000000	207.386844
2274.000000	207.204581
2275.000000	207.038233
2276.000000	206.857307
2277.000000	206.660245
2278.000000	206.499016
2279.000000	206.335793
2280.000000	206.173829
2281.000000	205.984737
2282.000000	205.818181
2283.000000	205.665929
2284.000000	205.497016
2285.000000	205.290956
2286.000000	205.123260
2287.000000	204.961987
2288.000000	204.788175
2289.000000	204.615919
2290.000000	204.455139
2291.000000	204.268239
2292.000000	204.102582
2293.000000	203.957422
2294.000000	203.795908
2295.000000	203.625253
2296.000000	203.435897
2297.000000	203.259903
2298.000000	203.088327
2299.000000	202.927855
2300.000000	202.760619
2301.000000	202.585217
2302.000000	202.480658
2303.000000	202.310769
2304.000000	202.145693
2305.000000	201.982447
2306.000000	201.812438
2307.000000	201.675653
2308.000000	201.534363
2309.000000	201.357119
2310.000000	201.206720
2311.000000	201.048243
2312.000000	200.894928
2313.000000	200.726081
2314.000000	200.580537
2315.000000	200.411087
2316.000000	200.255240
2317.000000	200.129953
2318.000000	199.995251
2319.000000	199.842056
2320.000000	199.632762
2321.000000	199.497764
2322.000000	199.337510
2323.000000	199.212859
2324.000000	199.040877
2325.000000	198.878947
2326.000000	198.734620
2327.000000	198.570695
2328.000000	198.414168
2329.000000	198.320143
2330.000000	198.164548
2331.000000	198.011978
2332.000000	197.881233
2333.000000	197.730625
2334.000000	197.582188
2335.000000	197.474165
2336.000000	197.353756
2337.000000	197.271897
2338.000000	197.139979
2339.000000	197.017826
2340.000000	196.899292
2341.000000	196.798295
2342.000000	196.714847
2343.000000	196.607054
2344.000000	196.531816
2345.000000	196.421381
2346.000000	196.347875
2347.000000	196.269809
2348.000000	196.176672
2349.000000	196.119651
2350.000000	196.042901
2351.000000	195.948217
2352.000000	195.914062
2353.000000	195.821988
2354.000000	195.804252
2355.000000	195.724093
2356.000000	195.655925
2357.000000	195.636491
2358.000000	195.565045
2359.000000	195.589423
2360.000000	195.491715
2361.000000	195.491616
2362.000000	195.434289
2363.000000	195.384426
2364.000000	195.422144
2365.000000	195.388690
2366.000000	195.372314
2367.000000	195.369573
2368.000000	195.349405
2369.000000	195.375646
2370.000000	195.364696
2371.000000	195.340647
2372.000000	195.357593
2373.000000	195.367096
2374.000000	195.384174
2375.000000	195.391014
2376.000000	195.415622
2377.000000	195.416027
2378.000000	195.463445
2379.000000	195.475141
2380.000000	195.507148
2381.000000	195.539889
2382.000000	195.584392
2383.000000	195.606534
2384.000000	195.669692
2385.000000	195.717768
2386.000000	195.763531
2387.000000	195.829978
2388.000000	195.873297
2389.000000	195.943690
2390.000000	196.009589
2391.000000	196.082756
2392.000000	196.145454
2393.000000	196.210783
2394.000000	196.281154
2395.000000	196.362465
2396.000000	196.431718
2397.000000	196.505651
2398.000000	196.578489
2399.000000	196.682566
2400.000000	196.807491
2401.000000	196.869148
2402.000000	196.967218
2403.000000	197.052387
2404.000000	197.179472
2405.000000	197.272938
2406.000000	197.371513
2407.000000	197.470701
2408.000000	197.580588
2409.000000	197.687317
2410.000000	197.800602
2411.000000	197.930569
2412.000000	198.071651
2413.000000	198.161424
2414.000000	198.312185
2415.000000	198.428845
2416.000000	198.532539
2417.000000	198.648761
2418.000000	198.791586
2419.000000	198.947805
2420.000000	199.100791
2421.000000	199.220422
2422.000000	199.366777
2423.000000	199.527304
2424.000000	199.685935
2425.000000	199.809151
2426.000000	199.963770
2427.000000	200.119288
2428.000000	200.289220
2429.000000	200.429656
2430.000000	200.610911
2431.000000	200.764916
2432.000000	200.929620
2433.000000	201.098829
2434.000000	201.259016
2435.000000	201.430779
2436.000000	201.614171
2437.000000	201.755703
2438.000000	201.941650
2439.000000	202.120877
2440.000000	202.266376
2441.000000	202.443872
2442.000000	202.666221
2443.000000	202.842379
2444.000000	203.015840
2445.000000	203.203234
2446.000000	203.376082
2447.000000	203.585989
2448.000000	203.775060
2449.000000	203.941199
2450.000000	204.141856
2451.000000	204.353123
2452.000000	204.546984
2453.000000	204.734761
2454.000000	204.923404
2455.000000	205.162479
2456.000000	205.347527
2457.000000	205.544687
2458.000000	205.747393
2459.000000	205.967133
2460.000000	206.159547
2461.000000	206.386192
2462.000000	206.560805
2463.000000	206.794422
2464.000000	206.983460
2465.000000	207.228103
2466.000000	207.443963
2467.000000	207.661949
2468.000000	207.880648
2469.000000	208.106537
2470.000000	208.305024
2471.000000	208.542335
2472.000000	208.748505
2473.000000	209.002794
2474.000000	209.214862
2475.000000	209.450879
2476.000000	209.660020
2477.000000	209.901868
2478.000000	210.121948
2479.000000	210.363666
2480.000000	210.585050
2481.000000	210.831875
2482.000000	211.056033
2483.000000	211.302145
2484.000000	211.525568
2485.000000	211.743379
2486.000000	211.997417
2487.000000	212.231582
2488.000000	212.470767
2489.000000	212.684566
2490.000000	212.939602
2491.000000	213.186098
2492.000000	213.419846
2493.000000	213.682423
2494.000000	213.906602
2495.000000	214.147684
2496.000000	214.393238
2497.000000	214.661788
2498.000000	214.888828
2499.000000	215.161741
2500.000000	215.403557
2501.000000	215.636988
2502.000000	215.878212
2503.000000	216.151355
2504.000000	216.390223
2505.000000	216.645817
2506.000000	216.890921
2507.000000	217.133143
2508.000000	217.396224
2509.000000	217.647938
2510.000000	217.882804
2511.000000	218.124587
2512.000000	218.383064
2513.000000	218.644906
2514.000000	218.895590
2515.000000	219.161850
2516.000000	219.392376
2517.000000	219.667360
2518.000000	219.922900
2519.000000	220.186912
2520.000000	220.445455
2521.000000	220.692346
2522.000000	220.936420
2523.000000	221.201616
2524.000000	221.485754
2525.000000	221.733697
2526.000000	221.977837
2527.000000	222.235316
2528.000000	222.499274
2529.000000	222.755833
2530.000000	222.994141
2531.000000	223.264380
2532.000000	223.508783
2533.000000	223.770241
2534.000000	224.045028
2535.000000	224.297258
2536.000000	224.554091
2537.000000	224.829020
2538.000000	225.094381
2539.000000	225.365990
2540.000000	225.625925
2541.000000	225.906872
2542.000000	226.150190
2543.000000	226.397651
2544.000000	226.650395
2545.000000	226.907645
2546.000000	227.171263
2547.000000	227.422615
2548.000000	227.673112
2549.000000	227.936752
2550.000000	228.180848
2551.000000	228.444586
2552.000000	228.709509
2553.000000	228.956663
2554.000000	229.215995
2555.000000	229.466711
2556.000000	229.726273
2557.000000	230.001730
2558.000000	230.249552
2559.000000	230.512041
2560.000000	230.786313
2561.000000	231.028096
2562.000000	231.284031
2563.000000	231.551211
2564.000000	231.803023
2565.000000	232.043360
2566.000000	232.327639
2567.000000	232.570793
2568.000000	232.840922
2569.000000	233.079471
2570.000000	233.339461
2571.000000	233.590210
2572.000000	233.851987
2573.000000	234.111417
2574.000000	234.377688
2575.000000	234.625883
2576.000000	234.878299
2577.000000	235.155114
2578.000000	235.406740
2579.000000	235.656459
2580.000000	235.903296
2581.000000	236.171780
2582.000000	236.450612
2583.000000	236.708476
2584.000000	236.954424
2585.000000	237.220705
2586.000000	237.464363
2587.000000	237.731510
2588.000000	237.988529
2589.000000	238.241340
2590.000000	238.487759
2591.000000	238.759478
2592.000000	239.003650
2593.000000	239.253260
2594.000000	239.504491
2595.000000	239.746494
2596.000000	240.011942
2597.000000	240.267777
2598.000000	240.515710
2599.000000	240.743594
2600.000000	241.007913
2601.000000	241.269843
2602.000000	241.529175
2603.000000	241.749529
2604.000000	242.056148
2605.000000	242.267064
2606.000000	242.486782
2607.000000	242.714206
2608.000000	242.930526
2609.000000	243.188477
2610.000000	243.437933
2611.000000	243.715307
2612.000000	243.940046
2613.000000	244.171273
2614.000000	244.448078
2615.000000	244.691680
2616.000000	244.928673
2617.000000	245.178217
2618.000000	245.432233
2619.000000	245.693582
2620.000000	245.877018
2621.000000	246.129850
2622.000000	246.381279
2623.000000	246.613537
2624.000000	246.858301
2625.000000	247.070325
2626.000000	247.279224
2627.000000	247.501913
2628.000000	247.718419
2629.000000	247.897022
2630.000000	248.113166
2631.000000	248.296449
2632.000000	248.489455
2633.000000	248.693772
2634.000000	248.852973
2635.000000	248.933681
2636.000000	249.122708
2637.000000	249.232419
2638.000000	249.366913
2639.000000	249.513158
2640.000000	249.616336
2641.000000	249.749603
2642.000000	249.804026
2643.000000	249.906831
2644.000000	250.003871
2645.000000	250.096132
2646.000000	250.158447
2647.000000	250.234255
2648.000000	250.308966
2649.000000	250.393357
2650.000000	250.455639
2651.000000	250.502136
2652.000000	250.577407
2653.000000	250.621011
2654.000000	250.655287
2655.000000	250.695646
2656.000000	250.736663
2657.000000	250.801992
2658.000000	250.834426
2659.000000	250.834799
2660.000000	250.872418
2661.000000	250.934207
2662.000000	250.927849
2663.000000	250.957971
2664.000000	250.970971
2665.000000	251.042438
2666.000000	251.056973
2667.000000	251.068701
2668.000000	251.098669
2669.000000	251.099261
2670.000000	251.131925
2671.000000	251.143829
2672.000000	251.166234
2673.000000	251.160786
2674.000000	251.194942
2675.000000	251.226795
2676.000000	251.233788
2677.000000	251.232615
2678.000000	251.239324
2679.000000	251.261213
2680.000000	251.300466
2681.000000	251.290348
2682.000000	251.291083
2683.000000	251.317335
2684.000000	251.315000
2685.000000	251.336802
2686.000000	251.345176
2687.000000	251.360895
2688.000000	251.365148
2689.000000	251.367943
2690.000000	251.354526
2691.000000	251.386873
2692.000000	251.400849
2693.000000	251.447280
2694.000000	251.445209
2695.000000	251.414517
2696.000000	251.454712
2697.000000	251.471582
2698.000000	251.470902
2699.000000	251.479189
2700.000000	251.482674
2701.000000	251.495620
2702.000000	251.507666
2703.000000	251.524250
2704.000000	251.508115
2705.000000	251.540626
2706.000000	251.534368
2707.000000	251.540977
2708.000000	251.558701
2709.000000	251.554799
2710.000000	251.561639
2711.000000	251.562845
2712.000000	251.610636
2713.000000	251.611535
2714.000000	251.596792
2715.000000	251.607106
2716.000000	251.622726
2717.000000	251.605966
2718.000000	251.628689
2719.000000	251.639563
2720.000000	251.649636
2721.000000	251.682827
2722.000000	251.682498
2723.000000	251.692999
2724.000000	251.699773
2725.000000	251.675307
2726.000000	251.694161
2727.000000	251.717519
2728.000000	251.691870
2729.000000	251.707402
2730.000000	251.724457
2731.000000	251.754140
2732.000000	251.753253
2733.000000	251.750688
2734.000000	251.764751
2735.000000	251.783221
2736.000000	251.797350
2737.000000	251.778167
2738.000000	251.789863
2739.000000	251.830485
2740.000000	251.839835
2741.000000	251.819700
2742.000000	251.834552
2743.000000	251.816104
2744.000000	251.841622
2745.000000	251.848572
2746.000000	251.845239
2747.000000	251.861155
2748.000000	251.873892
2749.000000	251.876325
2750.000000	251.871239
2751.000000	251.891616
2752.000000	251.911873
2753.000000	251.896691
2754.000000	251.915600
2755.000000	251.923338
2756.000000	251.910853
2757.000000	251.891518
2758.000000	251.950851
2759.000000	251.911686
2760.000000	251.951739
2761.000000	251.989434
2762.000000	251.972028
2763.000000	251.957811
2764.000000	251.971140
2765.000000	251.994323
2766.000000	252.014689
2767.000000	252.005767
2768.000000	252.006008
2769.000000	252.020378
2770.000000	252.048636
2771.000000	252.037247
2772.000000	252.046674
2773.000000	252.051080
2774.000000	252.062009
2775.000000	252.074406
2776.000000	252.053722
2777.000000	252.071370
2778.000000	252.062535
2779.000000	252.110830
2780.000000	252.096537
2781.000000	252.085225
2782.000000	252.074976
2783.000000	252.084589
2784.000000	252.092054
2785.000000	252.120301
2786.000000	252.118942
2787.000000	252.119150
2788.000000	252.143835
2789.000000	252.161932
2790.000000	252.157854
2791.000000	252.160057
2792.000000	252.154050
2793.000000	252.183964
2794.000000	252.188513
2795.000000	252.183394
2796.000000	252.213833
2797.000000	252.193774
2798.000000	252.216606
2799.000000	252.218152
2800.000000	252.198805
2801.000000	252.206796
2802.000000	252.216365
2803.000000	252.222240
2804.000000	252.223720
2805.000000	252.240414
2806.000000	252.226077
2807.000000	252.257404
2808.000000	252.267488
2809.000000	252.302356
2810.000000	252.288753
2811.000000	252.293510
2812.000000	252.287986
2813.000000	252.301063
2814.000000	252.324531
2815.000000	252.308429
2816.000000	252.346968
2817.000000	252.328422
2818.000000	252.353753
2819.000000	252.345828
2820.000000	252.363268
2821.000000	252.374207
2822.000000	252.395888
2823.000000	252.368562
2824.000000	252.387119
2825.000000	252.424179
2826.000000	252.423072
2827.000000	252.440588
2828.000000	252.419422
2829.000000	252.459529
2830.000000	252.455276
2831.000000	252.489125
2832.000000	252.525176
2833.000000	252.505830
2834.000000	252.542331
2835.000000	252.562927
2836.000000	252.597520
2837.000000	252.593125
2838.000000	252.629845
2839.000000	252.643536
2840.000000	252.674666
2841.000000	252.706782
2842.000000	252.706355
2843.000000	252.726162
2844.000000	252.748709
2845.000000	252.783061
2846.000000	252.811966
2847.000000	252.870170
2848.000000	252.895918
2849.000000	252.944641
2850.000000	252.981076
2851.000000	253.052401
2852.000000	253.082051
2853.000000	253.136879
2854.000000	253.196136
2855.000000	253.246864
2856.000000	253.303600
2857.000000	253.397461
2858.000000	253.464763
2859.000000	253.541229
2860.000000	253.608739
2861.000000	253.676984
2862.000000	253.787528
2863.000000	253.859806
2864.000000	253.944263
2865.000000	254.040480
2866.000000	254.114260
2867.000000	254.224388
2868.000000	254.308362
2869.000000	254.389136
2870.000000	254.492478
2871.000000	254.604798
2872.000000	254.685308
2873.000000	254.785165
2874.000000	254.870444
2875.000000	254.984057
2876.000000	255.108029
2877.000000	255.206965
2878.000000	255.303029
2879.000000	255.425126
2880.000000	255.553822
2881.000000	255.655718
2882.000000	255.775185
2883.000000	255.919084
2884.000000	256.040348
2885.000000	256.148700
2886.000000	256.273559
2887.000000	256.415168
2888.000000	256.534919
2889.000000	256.700281
2890.000000	256.828418
2891.000000	256.986687
2892.000000	257.154142
2893.000000	257.277927
2894.000000	257.433577
2895.000000	257.580107
2896.000000	257.771611
2897.000000	257.933947
2898.000000	258.066983
2899.000000	258.246178
2900.000000	258.425547
2901.000000	258.590185
2902.000000	258.758265
2903.000000	258.957935
2904.000000	259.133589
2905.000000	259.324906
2906.000000	259.509943
2907.000000	259.706873
2908.000000	259.895066
2909.000000	260.080947
2910.000000	260.283259
2911.000000	260.487248
2912.000000	260.702066
2913.000000	260.878191
2914.000000	261.099992
2915.000000	261.306655
2916.000000	261.492766
2917.000000	261.693839
2918.000000	261.903944
2919.000000	262.092500
2920.000000	262.304830
2921.000000	262.523200
2922.000000	262.727967
2923.000000	262.927670
2924.000000	263.174451
2925.000000	263.402061
2926.000000	263.635886
2927.000000	263.845981
2928.000000	264.116679
2929.000000	264.374203
2930.000000	264.638084
2931.000000	264.875417
2932.000000	265.181148
2933.000000	265.545291
2934.000000	265.865929
2935.000000	266.192728
2936.000000	266.533918
2937.000000	266.878069
2938.000000	267.245226
2939.000000	267.564505
2940.000000	267.918882
2941.000000	268.293483
2942.000000	268.640330
2943.000000	269.002434
2944.000000	269.340040
2945.000000	269.715145
2946.000000	270.063197
2947.000000	270.442456
2948.000000	270.792230
2949.000000	271.135503
2950.000000	271.546429
2951.000000	271.902954
2952.000000	272.227637
2953.000000	272.570012
2954.000000	272.947944
2955.000000	273.290275
2956.000000	273.622357
2957.000000	273.967022
2958.000000	274.329028
2959.000000	274.664059
2960.000000	275.007156
2961.000000	275.366236
2962.000000	275.680155
2963.000000	276.041985
2964.000000	276.387221
2965.000000	276.678921
2966.000000	277.028892
2967.000000	277.327794
2968.000000	277.672766
2969.000000	278.020205
2970.000000	278.297316
2971.000000	278.625781
2972.000000	278.957314
2973.000000	279.286042
2974.000000	279.628362
2975.000000	279.927373
2976.000000	280.247595
2977.000000	280.558193
2978.000000	280.852908
2979.000000	281.177054
2980.000000	281.484297
2981.000000	281.787606
2982.000000	282.116136
2983.000000	282.425046
2984.000000	282.717919
2985.000000	283.026939
2986.000000	283.306648
2987.000000	283.616939
2988.000000	283.918132
2989.000000	284.203880
2990.000000	284.521614
2991.000000	284.813786
2992.000000	285.090513
2993.000000	285.402700
2994.000000	285.687528
2995.000000	285.953393
2996.000000	286.254619
2997.000000	286.585879
2998.000000	286.860743
2999.000000	287.160785
3000.000000	287.449537
3001.000000	287.696856
3002.000000	288.030954
3003.000000	288.272935
3004.000000	288.550386
3005.000000	288.848236
3006.000000	289.142161
3007.000000	289.392275
3008.000000	289.690344
3009.000000	289.984368
3010.000000	290.244347
3011.000000	290.532869
3012.000000	290.803195
3013.000000	291.084187
3014.000000	291.355510
3015.000000	291.668552
3016.000000	291.900821
3017.000000	292.181528
3018.000000	292.473985
3019.000000	292.742305
3020.000000	293.003215
3021.000000	293.269288
3022.000000	293.529212
3023.000000	293.837629
3024.000000	294.114302
3025.000000	294.337845
3026.000000	294.629392
3027.000000	294.886664
3028.000000	295.163775
3029.000000	295.433597
3030.000000	295.715103
3031.000000	295.936257
3032.000000	296.221294
3033.000000	296.460753
3034.000000	296.710373
3035.000000	296.964006
3036.000000	297.221945
3037.000000	297.479918
3038.000000	297.742769
3039.000000	297.985988
3040.000000	298.217785
3041.000000	298.458396
3042.000000	298.726058
3043.000000	298.968915
3044.000000	299.223677
3045.000000	299.458850
3046.000000	299.714894
3047.000000	299.965139
3048.000000	300.221983
3049.000000	300.476766
3050.000000	300.714077
3051.000000	300.948691
3052.000000	301.204461
3053.000000	301.431808
3054.000000	301.675531
3055.000000	301.889846
3056.000000	302.150438
3057.000000	302.390621
3058.000000	302.628294
3059.000000	302.865517
3060.000000	303.101984
3061.000000	303.326284
3062.000000	303.552381
3063.000000	303.792597
3064.000000	304.031497
3065.000000	304.265169
3066.000000	304.490346
3067.000000	304.746214
3068.000000	304.965932
3069.000000	305.204536
3070.000000	305.433889
3071.000000	305.670334
3072.000000	305.908314
3073.000000	306.125412
3074.000000	306.373882
3075.000000	306.581882
3076.000000	306.826998
3077.000000	307.043964
3078.000000	307.252919
3079.000000	307.476528
3080.000000	307.691752
3081.000000	307.938029
3082.000000	308.140889
3083.000000	308.389687
3084.000000	308.602938
3085.000000	308.808746
3086.000000	309.048008
3087.000000	309.253302
3088.000000	309.484496
3089.000000	309.716272
3090.000000	309.909244
3091.000000	310.130464
3092.000000	310.369890
3093.000000	310.566711
3094.000000	310.772069
3095.000000	310.976003
3096.000000	311.197958
3097.000000	311.423682
3098.000000	311.647390
3099.000000	311.853330
3100.000000	312.040822
3101.000000	312.278725
3102.000000	312.467423
3103.000000	312.670820
3104.000000	312.890362
3105.000000	313.106288
3106.000000	313.274466
3107.000000	313.486720
3108.000000	313.697472
3109.000000	313.887430
3110.000000	314.123108
3111.000000	314.344108
3112.000000	314.537497
3113.000000	314.753006
3114.000000	314.933812
3115.000000	315.147841
3116.000000	315.328362
3117.000000	315.532307
3118.000000	315.735024
3119.000000	315.947552
3120.000000	316.107147
3121.000000	316.346234
3122.000000	316.593553
3123.000000	316.752436
3124.000000	316.948796
3125.000000	317.158736
3126.000000	317.336988
3127.000000	317.526376
3128.000000	317.729126
3129.000000	317.941424
3130.000000	318.123139
3131.000000	318.324870
3132.000000	318.529253
3133.000000	318.715430
3134.000000	318.939379
3135.000000	319.094864
3136.000000	319.302130
3137.000000	319.491661
3138.000000	319.665090
3139.000000	319.853426
3140.000000	320.056889
3141.000000	320.232071
3142.000000	320.434142
3143.000000	320.629570
3144.000000	320.829075
3145.000000	321.021917
3146.000000	321.201593
3147.000000	321.391245
3148.000000	321.563555
3149.000000	321.759236
3150.000000	321.944886
3151.000000	322.146124
3152.000000	322.316648
3153.000000	322.507845
3154.000000	322.686918
3155.000000	322.874575
3156.000000	323.053714
3157.000000	323.259753
3158.000000	323.410898
3159.000000	323.589895
3160.000000	323.801962
3161.000000	323.958006
3162.000000	324.148173
3163.000000	324.344521
3164.000000	324.521545
3165.000000	324.704741
3166.000000	324.865948
3167.000000	325.035145
3168.000000	325.235692
3169.000000	325.405405
3170.000000	325.578111
3171.000000	325.768069
3172.000000	325.940489
3173.000000	326.128431
3174.000000	326.278435
3175.000000	326.495435
3176.000000	326.663274
3177.000000	326.840835
3178.000000	327.009704
3179.000000	327.167820
3180.000000	327.369452
3181.000000	327.527710
3182.000000	327.695812
3183.000000	327.853533
3184.000000	328.055647
3185.000000	328.231663
3186.000000	328.401266
3187.000000	328.571801
3188.000000	328.764895
3189.000000	328.927494
3190.000000	329.115874
3191.000000	329.301875
3192.000000	329.454850
3193.000000	329.617526
3194.000000	329.783512
3195.000000	329.937101
3196.000000	330.100610
3197.000000	330.304303
3198.000000	330.469313
3199.000000	330.630093
3200.000000	330.787803
3201.000000	330.976654
3202.000000	331.139275
3203.000000	331.308451
3204.000000	331.460933
3205.000000	331.620375
3206.000000	331.779806
3207.000000	331.961632
3208.000000	332.123639
3209.000000	332.297100
3210.000000	332.427495
3211.000000	332.603927
3212.000000	332.755236
3213.000000	332.894685
3214.000000	333.079821
3215.000000	333.229113
3216.000000	333.420091
3217.000000	333.568331
3218.000000	333.713490
3219.000000	333.877372
3220.000000	334.030215
3221.000000	334.147007
3222.000000	334.352881
3223.000000	334.513288
3224.000000	334.655247
3225.000000	334.821354
3226.000000	334.972389
3227.000000	335.143220
3228.000000	335.278811
3229.000000	335.479171
3230.000000	335.602211
3231.000000	335.742307
3232.000000	335.901234
3233.000000	336.073906
3234.000000	336.226618
3235.000000	336.364390
3236.000000	336.504321
3237.000000	336.685401
3238.000000	336.830287
3239.000000	336.970075
3240.000000	337.126558
3241.000000	337.274250
3242.000000	337.410049
3243.000000	337.534536
3244.000000	337.703876
3245.000000	337.866881
3246.000000	337.964162
3247.000000	338.137963
3248.000000	338.288340
3249.000000	338.524467
3250.000000	338.683712
3251.000000	338.817714
3252.000000	338.938616
3253.000000	339.121187
3254.000000	339.271893
3255.000000	339.370336
3256.000000	339.553070
3257.000000	339.705223
3258.000000	339.870387
3259.000000	340.009606
3260.000000	340.171230
3261.000000	340.290357
3262.000000	329.934174
3263.000000	307.789537
3264.000000	289.667523
3265.000000	277.218423
3266.000000	266.965759
3267.000000	257.487692
3268.000000	248.747241
3269.000000	240.502227
3270.000000	232.610450
3271.000000	225.240001
3272.000000	217.968422
3273.000000	211.038999
3274.000000	204.692045
3275.000000	198.609136
3276.000000	192.752851
3277.000000	187.166442
3278.000000	182.026760
3279.000000	176.995067
3280.000000	172.144278
3281.000000	167.381070
3282.000000	162.742842
3283.000000	158.472123
3284.000000	154.578865
3285.000000	150.925011
3286.000000	147.300402
3287.000000	143.388521
3288.000000	139.536872
3289.000000	135.911803
3290.000000	132.395601
3291.000000	128.973917
3292.000000	125.637874
3293.000000	122.350060
3294.000000	119.159023
3295.000000	116.103807
3296.000000	113.252930
3297.000000	110.652287
3298.000000	107.980605
3299.000000	105.336293
3300.000000	102.875461
3301.000000	100.404085
3302.000000	97.993477
3303.000000	95.674615
3304.000000	93.556783
3305.000000	91.387005
3306.000000	89.287006
