0.000000	26.346191
1.000000	26.326691
2.000000	26.343209
3.000000	26.312386
4.000000	26.310205
5.000000	26.315488
6.000000	26.330648
7.000000	26.306927
8.000000	26.311454
9.000000	26.268782
10.000000	26.269889
11.000000	26.274964
12.000000	26.263488
13.000000	26.285619
14.000000	26.278362
15.000000	26.292316
16.000000	26.273419
17.000000	26.269813
18.000000	26.243188
19.000000	26.270733
20.000000	26.250050
21.000000	26.278176
22.000000	26.255980
23.000000	26.261800
24.000000	26.236512
25.000000	26.261164
26.000000	26.245906
27.000000	26.270536
28.000000	26.247671
29.000000	26.258007
30.000000	26.260868
31.000000	26.264442
32.000000	26.245786
33.000000	26.216344
34.000000	26.247934
35.000000	26.263411
36.000000	26.275776
37.000000	26.275063
38.000000	26.269297
39.000000	26.330527
40.000000	26.322997
41.000000	26.384073
42.000000	26.363016
43.000000	26.381102
44.000000	26.395122
45.000000	26.383568
46.000000	26.429277
47.000000	26.439482
48.000000	26.462687
49.000000	26.481891
50.000000	26.487349
51.000000	26.526163
52.000000	26.519740
53.000000	26.576552
54.000000	26.606542
55.000000	26.603659
56.000000	26.642890
57.000000	26.665985
58.000000	26.699976
59.000000	26.718347
60.000000	26.787786
61.000000	26.830371
62.000000	26.850517
63.000000	26.862180
64.000000	26.910497
65.000000	26.958661
66.000000	27.009806
67.000000	27.043238
68.000000	27.071803
69.000000	27.118344
70.000000	27.148674
71.000000	27.201858
72.000000	27.259854
73.000000	27.314309
74.000000	27.370080
75.000000	27.401769
76.000000	27.446546
77.000000	27.467876
78.000000	27.602338
79.000000	27.641656
80.000000	27.688296
81.000000	27.770549
82.000000	27.824621
83.000000	27.888448
84.000000	27.947716
85.000000	28.021485
86.000000	28.068300
87.000000	28.155377
88.000000	28.232127
89.000000	28.294562
90.000000	28.384050
91.000000	28.418622
92.000000	28.480630
93.000000	28.571619
94.000000	28.671476
95.000000	28.745179
96.000000	28.822763
97.000000	28.900993
98.000000	28.989878
99.000000	29.079015
100.000000	29.171188
101.000000	29.264753
102.000000	29.342030
103.000000	29.437371
104.000000	29.514472
105.000000	29.611084
106.000000	29.712487
107.000000	29.806019
108.000000	29.913987
109.000000	30.001612
110.000000	30.111180
111.000000	30.234363
112.000000	30.317843
113.000000	30.420638
114.000000	30.524024
115.000000	30.651252
116.000000	30.748346
117.000000	30.871430
118.000000	30.984287
119.000000	31.092847
120.000000	31.214407
121.000000	31.365048
122.000000	31.473422
123.000000	31.581039
124.000000	31.689095
125.000000	31.822789
126.000000	31.943659
127.000000	32.067411
128.000000	32.180575
129.000000	32.331610
130.000000	32.456700
131.000000	32.586656
132.000000	32.706463
133.000000	32.839784
134.000000	32.986018
135.000000	33.125062
136.000000	33.241053
137.000000	33.379779
138.000000	33.532524
139.000000	33.668049
140.000000	33.818382
141.000000	33.954269
142.000000	34.101401
143.000000	34.243010
144.000000	34.384508
145.000000	34.535434
146.000000	34.671693
147.000000	34.829239
148.000000	34.977325
149.000000	35.131879
150.000000	35.324227
151.000000	35.471666
152.000000	35.610260
153.000000	35.774405
154.000000	35.911245
155.000000	36.098562
156.000000	36.247459
157.000000	36.390986
158.000000	36.568470
159.000000	36.714726
160.000000	36.877391
161.000000	37.048858
162.000000	37.194872
163.000000	37.371403
164.000000	37.514919
165.000000	37.713536
166.000000	37.876497
167.000000	38.035611
168.000000	38.232036
169.000000	38.408227
170.000000	38.569895
171.000000	38.749451
172.000000	38.911710
173.000000	39.074627
174.000000	39.263544
175.000000	39.456802
176.000000	39.635064
177.000000	39.800546
178.000000	40.011978
179.000000	40.151152
180.000000	40.356961
181.000000	40.537142
182.000000	40.740538
183.000000	40.933084
184.000000	41.111971
185.000000	41.326110
186.000000	41.499089
187.000000	41.686406
188.000000	41.887611
189.000000	42.095458
190.000000	42.267977
191.000000	42.461804
192.000000	42.685425
193.000000	42.865726
194.000000	43.057022
195.000000	43.260221
196.000000	43.468430
197.000000	43.648534
198.000000	43.876725
199.000000	44.075453
200.000000	44.270102
201.000000	44.487639
202.000000	44.694949
203.000000	44.902665
204.000000	45.089817
205.000000	45.303320
206.000000	45.519520
207.000000	45.715770
208.000000	45.938513
209.000000	46.155590
210.000000	46.366637
211.000000	46.606809
212.000000	46.805394
213.000000	47.011860
214.000000	47.205052
215.000000	47.440138
216.000000	47.668022
217.000000	47.899436
218.000000	48.096628
219.000000	48.328897
220.000000	48.568061
221.000000	48.792404
222.000000	49.001282
223.000000	49.227171
224.000000	49.440137
225.000000	49.660875
226.000000	49.887104
227.000000	50.086105
228.000000	50.301176
229.000000	50.546280
230.000000	50.773090
231.000000	50.993893
232.000000	51.228760
233.000000	51.475059
234.000000	51.690129
235.000000	51.931036
236.000000	52.152935
237.000000	52.354786
238.000000	52.621199
239.000000	52.822568
240.000000	53.073658
241.000000	53.322280
242.000000	53.548751
243.000000	53.778904
244.000000	53.991607
245.000000	54.241709
246.000000	54.489916
247.000000	54.712539
248.000000	54.972989
249.000000	55.220165
250.000000	55.424175
251.000000	55.693471
252.000000	55.891398
253.000000	56.161133
254.000000	56.397698
255.000000	56.626152
256.000000	56.884092
257.000000	57.105827
258.000000	57.366497
259.000000	57.615821
260.000000	57.827899
261.000000	58.090794
262.000000	58.324838
263.000000	58.549226
264.000000	58.804743
265.000000	59.034875
266.000000	59.282840
267.000000	59.512039
268.000000	59.765047
269.000000	60.040821
270.000000	60.252559
271.000000	60.494079
272.000000	60.720494
273.000000	60.966651
274.000000	61.254175
275.000000	61.479846
276.000000	61.745776
277.000000	61.968542
278.000000	62.204307
279.000000	62.473044
280.000000	62.724352
281.000000	62.969687
282.000000	63.208247
283.000000	63.472512
284.000000	63.724467
285.000000	63.971095
286.000000	64.211398
287.000000	64.464077
288.000000	64.720910
289.000000	64.977655
290.000000	65.209803
291.000000	65.480239
292.000000	65.733082
293.000000	65.972070
294.000000	66.222611
295.000000	66.491918
296.000000	66.731399
297.000000	67.005189
298.000000	67.244286
299.000000	67.511368
300.000000	67.773616
301.000000	68.025275
302.000000	68.298955
303.000000	68.536025
304.000000	68.791214
305.000000	69.055796
306.000000	69.303498
307.000000	69.546038
308.000000	69.813273
309.000000	70.044884
310.000000	70.322423
311.000000	70.578817
312.000000	70.835781
313.000000	71.086421
314.000000	71.344548
315.000000	71.620584
316.000000	71.884904
317.000000	72.131181
318.000000	72.372701
319.000000	72.638994
320.000000	72.886257
321.000000	73.148143
322.000000	73.419960
323.000000	73.662215
324.000000	73.916658
325.000000	74.206583
326.000000	74.454910
327.000000	74.746413
328.000000	74.985883
329.000000	75.207125
330.000000	75.468562
331.000000	75.751493
332.000000	76.010738
333.000000	76.262682
334.000000	76.507446
335.000000	76.753734
336.000000	77.059137
337.000000	77.300218
338.000000	77.539009
339.000000	77.796401
340.000000	78.092924
341.000000	78.356750
342.000000	78.607796
343.000000	78.851081
344.000000	79.104768
345.000000	79.377724
346.000000	79.628342
347.000000	79.885877
348.000000	80.160489
349.000000	80.413562
350.000000	80.660256
351.000000	80.913000
352.000000	81.151659
353.000000	81.417064
354.000000	81.667956
355.000000	81.957793
356.000000	82.194336
357.000000	82.487550
358.000000	82.725694
359.000000	82.971467
360.000000	83.237057
361.000000	83.494899
362.000000	83.754494
363.000000	84.015218
364.000000	84.288822
365.000000	84.545435
366.000000	84.784522
367.000000	85.035896
368.000000	85.303646
369.000000	85.580473
370.000000	85.839311
371.000000	86.099893
372.000000	86.345447
373.000000	86.605162
374.000000	86.877615
375.000000	87.136750
376.000000	87.439291
377.000000	87.673818
378.000000	87.951926
379.000000	88.197250
380.000000	88.471555
381.000000	88.706586
382.000000	88.964855
383.000000	89.237198
384.000000	89.515559
385.000000	89.776469
386.000000	90.008979
387.000000	90.290529
388.000000	90.530888
389.000000	90.809380
390.000000	91.052413
391.000000	91.276274
392.000000	91.544255
393.000000	91.800441
394.000000	92.092240
395.000000	92.323972
396.000000	92.605675
397.000000	92.843787
398.000000	93.124646
399.000000	93.381600
400.000000	93.616949
401.000000	93.866350
402.000000	94.131853
403.000000	94.411277
404.000000	94.624364
405.000000	94.896783
406.000000	95.147522
407.000000	95.397866
408.000000	95.659160
409.000000	95.957262
410.000000	96.166205
411.000000	96.406158
412.000000	96.674237
413.000000	96.933339
414.000000	97.181183
415.000000	97.428173
416.000000	97.689993
417.000000	97.960889
418.000000	98.190648
419.000000	98.444313
420.000000	98.706035
421.000000	98.956028
422.000000	99.236307
423.000000	99.454874
424.000000	99.698685
425.000000	99.966336
426.000000	100.198452
427.000000	100.458814
428.000000	100.735991
429.000000	100.937963
430.000000	101.205856
431.000000	101.458841
432.000000	101.678493
433.000000	101.931643
434.000000	102.195502
435.000000	102.451316
436.000000	102.684133
437.000000	102.914571
438.000000	103.169398
439.000000	103.398247
440.000000	103.660648
441.000000	103.917218
442.000000	104.155427
443.000000	104.418618
444.000000	104.661749
445.000000	104.890817
446.000000	105.140547
447.000000	105.372904
448.000000	105.597565
449.000000	105.884651
450.000000	106.133680
451.000000	106.405957
452.000000	106.620293
453.000000	106.870374
454.000000	107.127349
455.000000	107.336347
456.000000	107.593038
457.000000	107.827915
458.000000	108.069150
459.000000	108.331990
460.000000	108.554996
461.000000	108.780337
462.000000	109.065341
463.000000	109.278778
464.000000	109.536981
465.000000	109.778424
466.000000	109.989231
467.000000	110.234555
468.000000	110.471646
469.000000	110.717912
470.000000	110.953864
471.000000	111.189356
472.000000	111.427532
473.000000	111.678797
474.000000	111.923989
475.000000	112.141449
476.000000	112.393251
477.000000	112.630189
478.000000	112.876576
479.000000	113.098453
480.000000	113.320407
481.000000	113.564525
482.000000	113.812151
483.000000	114.053682
484.000000	114.284767
485.000000	114.519622
486.000000	114.764727
487.000000	114.992830
488.000000	115.243108
489.000000	115.464383
490.000000	115.683005
491.000000	115.924733
492.000000	116.184120
493.000000	116.390619
494.000000	116.643001
495.000000	116.878076
496.000000	117.129439
497.000000	117.367123
498.000000	117.559087
499.000000	117.805518
500.000000	118.022539
501.000000	118.268170
502.000000	118.485115
503.000000	118.728487
504.000000	118.971103
505.000000	119.218071
506.000000	119.439313
507.000000	119.666518
508.000000	119.906097
509.000000	120.152320
510.000000	120.358994
511.000000	120.595680
512.000000	120.826162
513.000000	121.065907
514.000000	121.301409
515.000000	121.569554
516.000000	121.790182
517.000000	122.020499
518.000000	122.239702
519.000000	122.493608
520.000000	122.715683
521.000000	122.934163
522.000000	123.160052
523.000000	123.399215
524.000000	123.641536
525.000000	123.863369
526.000000	124.106194
527.000000	124.363268
528.000000	124.586175
529.000000	124.801937
530.000000	125.024472
531.000000	125.260862
532.000000	125.462384
533.000000	125.710262
534.000000	125.934003
535.000000	126.175731
536.000000	126.404898
537.000000	126.635007
538.000000	126.864360
539.000000	127.083519
540.000000	127.332372
541.000000	127.581752
542.000000	127.792076
543.000000	128.035547
544.000000	128.248524
545.000000	128.490702
546.000000	128.695666
547.000000	128.911032
548.000000	129.131441
549.000000	129.380349
550.000000	129.644011
551.000000	129.859947
552.000000	130.074086
553.000000	130.288488
554.000000	130.554780
555.000000	130.767100
556.000000	130.984450
557.000000	131.204420
558.000000	131.438268
559.000000	131.667642
560.000000	131.898366
561.000000	132.110082
562.000000	132.333944
563.000000	132.562474
564.000000	132.744442
565.000000	132.971011
566.000000	133.227526
567.000000	133.428939
568.000000	133.674734
569.000000	133.894572
570.000000	134.125504
571.000000	134.357060
572.000000	134.582829
573.000000	134.816829
574.000000	135.006656
575.000000	135.255202
576.000000	135.451211
577.000000	135.685914
578.000000	135.918456
579.000000	136.144751
580.000000	136.383542
581.000000	136.595291
582.000000	136.803357
583.000000	137.041381
584.000000	137.270482
585.000000	137.490189
586.000000	137.694737
587.000000	137.947623
588.000000	138.163648
589.000000	138.370223
590.000000	138.589733
591.000000	138.816598
592.000000	139.050785
593.000000	139.261602
594.000000	139.492183
595.000000	139.709292
596.000000	139.924440
597.000000	140.133186
598.000000	140.376690
599.000000	140.605045
600.000000	140.818888
601.000000	141.072444
602.000000	141.245456
603.000000	141.468024
604.000000	141.710125
605.000000	141.933208
606.000000	142.172240
607.000000	142.370562
608.000000	142.585928
609.000000	142.821715
610.000000	143.033618
611.000000	143.273088
612.000000	143.479489
613.000000	143.705959
614.000000	143.906550
615.000000	144.135070
616.000000	144.320293
617.000000	144.568729
618.000000	144.766251
619.000000	145.000416
620.000000	145.216736
621.000000	145.439819
622.000000	145.637297
623.000000	145.869412
624.000000	146.107381
625.000000	146.316094
626.000000	146.531395
627.000000	146.725146
628.000000	146.960571
629.000000	147.179653
630.000000	147.385802
631.000000	147.613894
632.000000	147.823221
633.000000	148.037513
634.000000	148.232327
635.000000	148.468268
636.000000	148.698915
637.000000	148.912231
638.000000	149.129527
639.000000	149.334009
640.000000	149.557410
641.000000	149.758900
642.000000	149.994172
643.000000	150.211599
644.000000	150.402357
645.000000	150.620640
646.000000	150.825220
647.000000	151.046122
648.000000	151.274368
649.000000	151.461389
650.000000	151.678893
651.000000	151.928689
652.000000	152.114350
653.000000	152.346542
654.000000	152.550487
655.000000	152.726711
656.000000	152.967069
657.000000	153.178413
658.000000	153.416940
659.000000	153.618594
660.000000	153.811918
661.000000	154.036842
662.000000	154.259871
663.000000	154.450169
664.000000	154.668309
665.000000	154.849202
666.000000	155.081986
667.000000	155.296541
668.000000	155.503040
669.000000	155.718034
670.000000	155.922735
671.000000	156.120728
672.000000	156.326054
673.000000	156.545356
674.000000	156.731215
675.000000	156.948631
676.000000	157.164578
677.000000	157.380011
678.000000	157.593568
679.000000	157.774078
680.000000	157.973025
681.000000	158.188775
682.000000	158.387765
683.000000	158.617579
684.000000	158.819452
685.000000	159.029349
686.000000	159.199358
687.000000	159.433282
688.000000	159.635067
689.000000	159.859959
690.000000	160.033333
691.000000	160.252043
692.000000	160.447986
693.000000	160.657718
694.000000	160.831487
695.000000	161.063295
696.000000	161.253264
697.000000	161.476720
698.000000	161.669244
699.000000	161.857382
700.000000	162.065339
701.000000	162.273526
702.000000	162.483521
703.000000	162.689735
704.000000	162.878992
705.000000	163.090818
706.000000	163.273641
707.000000	163.474505
708.000000	163.667347
709.000000	163.860023
710.000000	164.048677
711.000000	164.254858
712.000000	164.488903
713.000000	164.670070
714.000000	164.850404
715.000000	165.016785
716.000000	165.220368
717.000000	165.435307
718.000000	165.616398
719.000000	165.796272
720.000000	166.050047
721.000000	166.235675
722.000000	166.392750
723.000000	166.615099
724.000000	166.793175
725.000000	167.003905
726.000000	167.197075
727.000000	167.361176
728.000000	167.578066
729.000000	167.792270
730.000000	167.980892
731.000000	168.173130
732.000000	168.363801
733.000000	168.560380
734.000000	168.741119
735.000000	168.962767
736.000000	169.145370
737.000000	169.309109
738.000000	169.530132
739.000000	169.742177
740.000000	169.917798
741.000000	170.124034
742.000000	170.287992
743.000000	170.518079
744.000000	170.691081
745.000000	170.884843
746.000000	171.076544
747.000000	171.268037
748.000000	171.450377
749.000000	171.662543
750.000000	171.830896
751.000000	172.039094
752.000000	172.205650
753.000000	172.376383
754.000000	172.570013
755.000000	172.747750
756.000000	172.946214
757.000000	173.147408
758.000000	173.332828
759.000000	173.528486
760.000000	173.668702
761.000000	173.833066
762.000000	174.071934
763.000000	174.244792
764.000000	174.431495
765.000000	174.608114
766.000000	174.786716
767.000000	174.952373
768.000000	175.156899
769.000000	175.322513
770.000000	175.528507
771.000000	175.682864
772.000000	175.864261
773.000000	176.040891
774.000000	176.197110
775.000000	176.387233
776.000000	176.553427
777.000000	176.724784
778.000000	176.936632
779.000000	177.039624
780.000000	177.241662
781.000000	177.383226
782.000000	177.561094
783.000000	177.702845
784.000000	177.879299
785.000000	178.051478
786.000000	178.216555
787.000000	178.361397
788.000000	178.546072
789.000000	178.676434
790.000000	178.823216
791.000000	178.973297
792.000000	179.151790
793.000000	179.292806
794.000000	179.461840
795.000000	179.585713
796.000000	179.761323
797.000000	179.913377
798.000000	180.061014
799.000000	180.220018
800.000000	180.361484
801.000000	180.503618
802.000000	180.657755
803.000000	180.805118
804.000000	180.930964
805.000000	181.094977
806.000000	181.249158
807.000000	181.375421
808.000000	181.499272
809.000000	181.642963
810.000000	181.778805
811.000000	181.925313
812.000000	182.031352
813.000000	182.191967
814.000000	182.323426
815.000000	182.420816
816.000000	182.567280
817.000000	182.698388
818.000000	182.844435
819.000000	182.936269
820.000000	183.096577
821.000000	183.213752
822.000000	183.356643
823.000000	183.449934
824.000000	183.590019
825.000000	183.717093
826.000000	183.839903
827.000000	183.978770
828.000000	184.085599
829.000000	184.232447
830.000000	184.363861
831.000000	184.461602
832.000000	184.577156
833.000000	184.705819
834.000000	184.820736
835.000000	184.950375
836.000000	185.068899
837.000000	185.190426
838.000000	185.277426
839.000000	185.409673
840.000000	185.529019
841.000000	185.649395
842.000000	185.762647
843.000000	185.883845
844.000000	185.997963
845.000000	186.143572
846.000000	186.256846
847.000000	186.390364
848.000000	186.477649
849.000000	186.625637
850.000000	186.753390
851.000000	186.906146
852.000000	187.043951
853.000000	187.159296
854.000000	187.297309
855.000000	187.429063
856.000000	187.586587
857.000000	187.752354
858.000000	187.884437
859.000000	188.063182
860.000000	188.168004
861.000000	188.313394
862.000000	188.471050
863.000000	188.620923
864.000000	188.789660
865.000000	188.933088
866.000000	189.099008
867.000000	189.272853
868.000000	189.434488
869.000000	189.577883
870.000000	189.731198
871.000000	189.889577
872.000000	190.044722
873.000000	190.223467
874.000000	190.365985
875.000000	190.528628
876.000000	190.698812
877.000000	190.840662
878.000000	190.994733
879.000000	191.169718
880.000000	191.335124
881.000000	191.490324
882.000000	191.688240
883.000000	191.800428
884.000000	191.993259
885.000000	192.158576
886.000000	192.309425
887.000000	192.492028
888.000000	192.608897
889.000000	192.779410
890.000000	192.947073
891.000000	193.129413
892.000000	193.296737
893.000000	193.465441
894.000000	193.608507
895.000000	193.763280
896.000000	193.928948
897.000000	194.090955
898.000000	194.284772
899.000000	194.449410
900.000000	194.592531
901.000000	194.754845
902.000000	194.936089
903.000000	195.079539
904.000000	195.237074
905.000000	195.392680
906.000000	195.569737
907.000000	195.736139
908.000000	195.885673
909.000000	196.075730
910.000000	196.203713
911.000000	196.397683
912.000000	196.553366
913.000000	196.681163
914.000000	196.870496
915.000000	197.018835
916.000000	197.216422
917.000000	197.361582
918.000000	197.531065
919.000000	197.663378
920.000000	197.832718
921.000000	197.995032
922.000000	198.157544
923.000000	198.310354
924.000000	198.479333
925.000000	198.627847
926.000000	198.796694
927.000000	198.981062
928.000000	199.122484
929.000000	199.296581
930.000000	199.459937
931.000000	199.625912
932.000000	199.797981
933.000000	199.948271
934.000000	200.106135
935.000000	200.266355
936.000000	200.403327
937.000000	200.603435
938.000000	200.745899
939.000000	200.910394
940.000000	201.075394
941.000000	201.235000
942.000000	201.393193
943.000000	201.561492
944.000000	201.693081
945.000000	201.828431
946.000000	201.997793
947.000000	202.170312
948.000000	202.332593
949.000000	202.491279
950.000000	202.646019
951.000000	202.816543
952.000000	202.964597
953.000000	203.102971
954.000000	203.292140
955.000000	203.429167
956.000000	203.581978
957.000000	203.748523
958.000000	203.909521
959.000000	204.063045
960.000000	204.231738
961.000000	204.400815
962.000000	204.532833
963.000000	204.701504
964.000000	204.848604
965.000000	205.022833
966.000000	205.151814
967.000000	205.337136
968.000000	205.505752
969.000000	205.634372
970.000000	205.786207
971.000000	205.944980
972.000000	206.112940
973.000000	206.255436
974.000000	206.385118
975.000000	206.553307
976.000000	206.709933
977.000000	206.865352
978.000000	207.022931
979.000000	207.163498
980.000000	207.338516
981.000000	207.484728
982.000000	207.600862
983.000000	207.770729
984.000000	207.905859
985.000000	208.059470
986.000000	208.224908
987.000000	208.388483
988.000000	208.537161
989.000000	208.690848
990.000000	208.816048
991.000000	208.946706
992.000000	209.130263
993.000000	209.276935
994.000000	209.402310
995.000000	209.562234
996.000000	209.717446
997.000000	209.881349
998.000000	210.055929
999.000000	210.215524
1000.000000	210.329565
1001.000000	210.505975
1002.000000	210.628950
1003.000000	210.818163
1004.000000	210.956537
1005.000000	211.107342
1006.000000	211.251011
1007.000000	211.440761
1008.000000	211.567802
1009.000000	211.741910
1010.000000	211.869894
1011.000000	212.045175
1012.000000	212.185117
1013.000000	212.327909
1014.000000	212.488689
1015.000000	212.626516
1016.000000	212.790178
1017.000000	212.919806
1018.000000	213.092631
1019.000000	213.293211
1020.000000	213.394109
1021.000000	213.570377
1022.000000	213.709004
1023.000000	213.865487
1024.000000	214.028645
1025.000000	214.164005
1026.000000	214.322582
1027.000000	214.477815
1028.000000	214.640436
1029.000000	214.798650
1030.000000	214.975389
1031.000000	215.098243
1032.000000	215.252818
1033.000000	215.392662
1034.000000	215.581809
1035.000000	215.686018
1036.000000	215.889897
1037.000000	216.058393
1038.000000	216.197699
1039.000000	216.380478
1040.000000	216.518491
1041.000000	216.676695
1042.000000	216.815420
1043.000000	216.961457
1044.000000	217.135971
1045.000000	217.282676
1046.000000	217.452400
1047.000000	217.597636
1048.000000	217.755456
1049.000000	217.927932
1050.000000	218.083779
1051.000000	218.246695
1052.000000	218.434451
1053.000000	218.580586
1054.000000	218.744402
1055.000000	218.872286
1056.000000	219.050922
1057.000000	219.248049
1058.000000	219.407941
1059.000000	219.544605
1060.000000	219.732251
1061.000000	219.879680
1062.000000	220.091221
1063.000000	220.247089
1064.000000	220.402257
1065.000000	220.617031
1066.000000	220.785275
1067.000000	220.932101
1068.000000	221.155415
1069.000000	221.328438
1070.000000	221.507972
1071.000000	221.672303
1072.000000	221.902434
1073.000000	222.121451
1074.000000	222.321702
1075.000000	222.479029
1076.000000	222.684541
1077.000000	222.885340
1078.000000	223.096256
1079.000000	223.310373
1080.000000	223.481906
1081.000000	223.684513
1082.000000	223.886529
1083.000000	224.100142
1084.000000	224.309951
1085.000000	224.517864
1086.000000	224.749288
1087.000000	224.932736
1088.000000	225.156729
1089.000000	225.368029
1090.000000	225.582705
1091.000000	225.816168
1092.000000	226.009996
1093.000000	226.219312
1094.000000	226.421185
1095.000000	226.641341
1096.000000	226.843247
1097.000000	227.063579
1098.000000	227.266308
1099.000000	227.505482
1100.000000	227.699035
1101.000000	227.913229
1102.000000	228.128837
1103.000000	228.338788
1104.000000	228.530128
1105.000000	228.784045
1106.000000	228.969367
1107.000000	229.196714
1108.000000	229.403026
1109.000000	229.641390
1110.000000	229.858937
1111.000000	230.048348
1112.000000	230.268230
1113.000000	230.513696
1114.000000	230.721401
1115.000000	230.920183
1116.000000	231.129685
1117.000000	231.380270
1118.000000	231.596316
1119.000000	231.833123
1120.000000	232.050134
1121.000000	232.302692
1122.000000	232.521971
1123.000000	232.749954
1124.000000	232.988186
1125.000000	233.221891
1126.000000	233.429880
1127.000000	233.706739
1128.000000	233.932179
1129.000000	234.193912
1130.000000	234.413904
1131.000000	234.684570
1132.000000	234.915205
1133.000000	235.190519
1134.000000	235.454356
1135.000000	235.723816
1136.000000	235.970784
1137.000000	236.251644
1138.000000	236.557934
1139.000000	236.824709
1140.000000	237.120607
1141.000000	237.402235
1142.000000	237.719661
1143.000000	238.021051
1144.000000	238.326519
1145.000000	238.652704
1146.000000	238.969648
1147.000000	239.331446
1148.000000	239.718148
1149.000000	240.079858
1150.000000	240.551717
1151.000000	241.245520
1152.000000	242.377718
1153.000000	243.988242
1154.000000	246.070385
1155.000000	248.661766
1156.000000	251.606328
1157.000000	254.829197
1158.000000	258.398605
1159.000000	262.374390
1160.000000	266.309334
1161.000000	269.933756
1162.000000	273.174776
1163.000000	276.059217
1164.000000	278.600515
1165.000000	280.859342
1166.000000	282.833308
1167.000000	284.581714
1168.000000	286.138277
1169.000000	287.522791
1170.000000	288.768471
1171.000000	289.872060
1172.000000	290.900915
1173.000000	291.807760
1174.000000	292.634523
1175.000000	293.381564
1176.000000	294.040258
1177.000000	294.644694
1178.000000	295.200725
1179.000000	295.689630
1180.000000	296.160963
1181.000000	296.586446
1182.000000	296.966176
1183.000000	297.326867
1184.000000	297.687316
1185.000000	297.986185
1186.000000	298.264349
1187.000000	298.565421
1188.000000	298.830672
1189.000000	299.071315
1190.000000	299.254313
1191.000000	299.497006
1192.000000	299.718993
1193.000000	299.902835
1194.000000	300.067079
1195.000000	300.246668
1196.000000	300.447379
1197.000000	300.628502
1198.000000	300.778452
1199.000000	300.919195
1200.000000	301.099956
1201.000000	301.220618
1202.000000	301.411311
1203.000000	301.525110
1204.000000	301.635008
1205.000000	301.765720
1206.000000	301.850297
1207.000000	302.020569
1208.000000	302.124142
1209.000000	302.268392
1210.000000	302.373894
1211.000000	302.495334
1212.000000	302.597635
1213.000000	302.704310
1214.000000	302.823371
1215.000000	302.942103
1216.000000	303.034079
1217.000000	303.141609
1218.000000	303.220102
1219.000000	303.333628
1220.000000	303.448107
1221.000000	303.538373
1222.000000	303.634525
1223.000000	303.758299
1224.000000	303.874959
1225.000000	303.922312
1226.000000	304.063054
1227.000000	304.160555
1228.000000	304.283836
1229.000000	304.388823
1230.000000	304.508256
1231.000000	304.595891
1232.000000	304.691989
1233.000000	304.818174
1234.000000	304.899901
1235.000000	305.049237
1236.000000	305.165229
1237.000000	305.281747
1238.000000	305.423652
1239.000000	305.542099
1240.000000	305.668043
1241.000000	305.804971
1242.000000	305.939521
1243.000000	306.067219
1244.000000	306.206098
1245.000000	306.344966
1246.000000	306.524719
1247.000000	306.672663
1248.000000	306.862150
1249.000000	306.983272
1250.000000	307.168977
1251.000000	307.312920
1252.000000	307.503931
1253.000000	307.684057
1254.000000	307.874903
1255.000000	308.029764
1256.000000	308.222934
1257.000000	308.404090
1258.000000	308.559762
1259.000000	308.748065
1260.000000	308.900339
1261.000000	309.090330
1262.000000	309.251822
1263.000000	309.413226
1264.000000	309.585000
1265.000000	309.822705
1266.000000	310.047334
1267.000000	310.253307
1268.000000	310.481443
1269.000000	310.660385
1270.000000	310.903473
1271.000000	311.132859
1272.000000	311.380199
1273.000000	311.657815
1274.000000	311.886937
1275.000000	312.162689
1276.000000	312.411575
1277.000000	312.689443
1278.000000	312.960427
1279.000000	313.218093
1280.000000	313.513739
1281.000000	313.842094
1282.000000	314.166679
1283.000000	314.477967
1284.000000	314.789003
1285.000000	315.123222
1286.000000	315.493822
1287.000000	315.876326
1288.000000	316.216036
1289.000000	316.587096
1290.000000	316.966969
1291.000000	317.375769
1292.000000	317.752496
1293.000000	318.142091
1294.000000	318.522490
1295.000000	318.897354
1296.000000	319.304235
1297.000000	319.696845
1298.000000	320.098224
1299.000000	320.473559
1300.000000	320.844191
1301.000000	321.199390
1302.000000	321.564805
1303.000000	321.970952
1304.000000	322.313688
1305.000000	322.694679
1306.000000	323.056356
1307.000000	323.429115
1308.000000	323.834429
1309.000000	324.167815
1310.000000	324.514311
1311.000000	324.867011
1312.000000	325.183922
1313.000000	325.512179
1314.000000	325.845707
1315.000000	326.135194
1316.000000	326.397288
1317.000000	326.675715
1318.000000	326.933731
1319.000000	327.246543
1320.000000	327.503848
1321.000000	327.751594
1322.000000	328.033440
1323.000000	328.267901
1324.000000	328.497068
1325.000000	328.730180
1326.000000	328.954974
1327.000000	329.170877
1328.000000	329.365823
1329.000000	329.542935
1330.000000	329.745104
1331.000000	329.937463
1332.000000	330.092104
1333.000000	330.242996
1334.000000	330.394086
1335.000000	330.544069
1336.000000	330.686949
1337.000000	330.804344
1338.000000	330.945875
1339.000000	331.046883
1340.000000	331.163785
1341.000000	331.278110
1342.000000	331.350729
1343.000000	331.473056
1344.000000	331.550508
1345.000000	331.613941
1346.000000	331.676738
1347.000000	331.752184
1348.000000	331.817009
1349.000000	331.868428
1350.000000	331.920943
1351.000000	331.945683
1352.000000	332.000818
1353.000000	332.042076
1354.000000	332.033395
1355.000000	332.077415
1356.000000	332.115385
1357.000000	332.117588
1358.000000	332.134797
1359.000000	332.137099
1360.000000	332.119802
1361.000000	332.105772
1362.000000	332.094000
1363.000000	332.070784
1364.000000	332.079936
1365.000000	332.034710
1366.000000	332.057433
1367.000000	331.979641
1368.000000	332.002353
1369.000000	331.938723
1370.000000	331.908448
1371.000000	331.858245
1372.000000	331.784958
1373.000000	331.728420
1374.000000	331.666292
1375.000000	331.604503
1376.000000	331.535261
1377.000000	331.453293
1378.000000	331.356768
1379.000000	331.303562
1380.000000	331.189829
1381.000000	331.092482
1382.000000	331.012114
1383.000000	330.901087
1384.000000	330.824611
1385.000000	330.698973
1386.000000	330.611163
1387.000000	330.480439
1388.000000	330.395171
1389.000000	330.277634
1390.000000	330.169841
1391.000000	330.033067
1392.000000	329.911550
1393.000000	329.780936
1394.000000	329.650881
1395.000000	329.567981
1396.000000	329.433936
1397.000000	329.277300
1398.000000	329.136832
1399.000000	329.003696
1400.000000	328.875362
1401.000000	328.733096
1402.000000	328.588989
1403.000000	328.446273
1404.000000	328.280178
1405.000000	328.130842
1406.000000	327.977450
1407.000000	327.825834
1408.000000	327.648525
1409.000000	327.499036
1410.000000	327.332611
1411.000000	327.162525
1412.000000	327.018221
1413.000000	326.845176
1414.000000	326.669171
1415.000000	326.520799
1416.000000	326.348039
1417.000000	326.171541
1418.000000	325.997641
1419.000000	325.818951
1420.000000	325.641686
1421.000000	325.464026
1422.000000	325.288668
1423.000000	325.090346
1424.000000	324.903589
1425.000000	324.702011
1426.000000	324.547447
1427.000000	324.334536
1428.000000	324.160614
1429.000000	323.957918
1430.000000	323.773660
1431.000000	323.577388
1432.000000	323.405559
1433.000000	323.179122
1434.000000	322.983880
1435.000000	322.785372
1436.000000	322.602769
1437.000000	322.401268
1438.000000	322.215585
1439.000000	322.009404
1440.000000	321.797205
1441.000000	321.590323
1442.000000	321.412597
1443.000000	321.228196
1444.000000	321.019209
1445.000000	320.803788
1446.000000	320.584256
1447.000000	320.374568
1448.000000	320.156274
1449.000000	319.958095
1450.000000	319.743562
1451.000000	319.548232
1452.000000	319.339662
1453.000000	319.120053
1454.000000	318.918509
1455.000000	318.684366
1456.000000	318.482460
1457.000000	318.261021
1458.000000	318.075852
1459.000000	317.838147
1460.000000	317.621290
1461.000000	317.421565
1462.000000	317.206922
1463.000000	317.009915
1464.000000	316.774994
1465.000000	316.581802
1466.000000	316.320793
1467.000000	316.145293
1468.000000	315.896439
1469.000000	315.669629
1470.000000	315.442041
1471.000000	315.240069
1472.000000	315.002101
1473.000000	314.797257
1474.000000	314.578229
1475.000000	314.356900
1476.000000	314.119512
1477.000000	313.912389
1478.000000	313.676952
1479.000000	313.483322
1480.000000	313.225842
1481.000000	313.038548
1482.000000	312.818227
1483.000000	312.591701
1484.000000	312.349370
1485.000000	312.135308
1486.000000	311.902754
1487.000000	311.687826
1488.000000	311.458112
1489.000000	311.238262
1490.000000	311.003867
1491.000000	310.784105
1492.000000	310.559662
1493.000000	310.356320
1494.000000	310.105582
1495.000000	309.893493
1496.000000	309.646843
1497.000000	309.440366
1498.000000	309.212000
1499.000000	309.009808
1500.000000	308.766337
1501.000000	308.551026
1502.000000	308.327931
1503.000000	308.091519
1504.000000	307.833349
1505.000000	307.640870
1506.000000	307.426852
1507.000000	307.232114
1508.000000	307.049456
1509.000000	306.912287
1510.000000	306.799704
1511.000000	306.673463
1512.000000	306.572664
1513.000000	306.539506
1514.000000	306.503608
1515.000000	306.448265
1516.000000	306.434695
1517.000000	306.403433
1518.000000	306.370177
1519.000000	306.347936
1520.000000	306.335101
1521.000000	306.301614
1522.000000	306.292056
1523.000000	306.268161
1524.000000	306.248375
1525.000000	306.212028
1526.000000	306.186664
1527.000000	306.171241
1528.000000	306.125555
1529.000000	306.100991
1530.000000	306.065071
1531.000000	306.049922
1532.000000	306.006954
1533.000000	305.977940
1534.000000	305.951008
1535.000000	305.894360
1536.000000	305.863877
1537.000000	305.822148
1538.000000	305.774302
1539.000000	305.759581
1540.000000	305.711998
1541.000000	305.698702
1542.000000	305.630194
1543.000000	305.601870
1544.000000	305.548149
1545.000000	305.513150
1546.000000	305.477680
1547.000000	305.447898
1548.000000	305.386657
1549.000000	305.361216
1550.000000	305.351417
1551.000000	305.306158
1552.000000	305.261294
1553.000000	305.230471
1554.000000	305.180093
1555.000000	305.150541
1556.000000	305.114380
1557.000000	305.070897
1558.000000	305.023774
1559.000000	305.001611
1560.000000	304.945018
1561.000000	304.909317
1562.000000	304.851639
1563.000000	304.849863
1564.000000	304.769002
1565.000000	304.768991
1566.000000	304.692383
1567.000000	304.662317
1568.000000	304.611752
1569.000000	304.571612
1570.000000	304.546105
1571.000000	304.503324
1572.000000	304.434213
1573.000000	304.378081
1574.000000	304.346556
1575.000000	304.318155
1576.000000	304.247927
1577.000000	304.205660
1578.000000	304.170825
1579.000000	304.116995
1580.000000	304.044815
1581.000000	303.999677
1582.000000	303.939817
1583.000000	303.912304
1584.000000	303.890777
1585.000000	303.815561
1586.000000	303.754791
1587.000000	303.711845
1588.000000	303.656743
1589.000000	303.582788
1590.000000	303.546933
1591.000000	303.471038
1592.000000	303.411584
1593.000000	303.361129
1594.000000	303.300853
1595.000000	303.278065
1596.000000	303.208516
1597.000000	303.164792
1598.000000	303.062381
1599.000000	303.005152
1600.000000	302.956079
1601.000000	302.882923
1602.000000	302.824127
1603.000000	302.746971
1604.000000	302.685774
1605.000000	302.653406
1606.000000	302.580130
1607.000000	302.531692
1608.000000	302.466407
1609.000000	302.402393
1610.000000	302.307611
1611.000000	302.267691
1612.000000	302.191861
1613.000000	302.109586
1614.000000	302.061784
1615.000000	301.986392
1616.000000	301.909093
1617.000000	301.849442
1618.000000	301.789857
1619.000000	301.702847
1620.000000	301.636465
1621.000000	301.562378
1622.000000	301.497707
1623.000000	301.420814
1624.000000	301.339109
1625.000000	301.262073
1626.000000	301.213592
1627.000000	301.127688
1628.000000	301.058030
1629.000000	300.982255
1630.000000	300.894696
1631.000000	300.805987
1632.000000	300.726781
1633.000000	300.650162
1634.000000	300.563338
1635.000000	300.493657
1636.000000	300.404838
1637.000000	300.326509
1638.000000	300.249737
1639.000000	300.154418
1640.000000	300.089067
1641.000000	300.002725
1642.000000	299.897782
1643.000000	299.815781
1644.000000	299.733605
1645.000000	299.654717
1646.000000	299.563234
1647.000000	299.487799
1648.000000	299.375895
1649.000000	299.302937
1650.000000	299.214403
1651.000000	299.136217
1652.000000	299.013002
1653.000000	298.930979
1654.000000	298.824326
1655.000000	298.755248
1656.000000	298.664642
1657.000000	298.552114
1658.000000	298.462188
1659.000000	298.343840
1660.000000	298.263472
1661.000000	298.148499
1662.000000	298.058990
1663.000000	297.959286
1664.000000	297.844106
1665.000000	297.748436
1666.000000	297.673483
1667.000000	297.552646
1668.000000	297.443571
1669.000000	297.338584
1670.000000	297.263664
1671.000000	297.155202
1672.000000	297.045360
1673.000000	296.913266
1674.000000	296.824392
1675.000000	296.712522
1676.000000	296.613147
1677.000000	296.507415
1678.000000	296.401398
1679.000000	296.291983
1680.000000	296.158431
1681.000000	296.037638
1682.000000	295.940916
1683.000000	295.832904
1684.000000	295.706411
1685.000000	295.583338
1686.000000	295.477793
1687.000000	295.368355
1688.000000	295.214010
1689.000000	295.087792
1690.000000	294.990785
1691.000000	294.873697
1692.000000	294.748399
1693.000000	294.619988
1694.000000	294.508457
1695.000000	294.354627
1696.000000	294.238175
1697.000000	294.120736
1698.000000	293.978382
1699.000000	293.837267
1700.000000	293.712901
1701.000000	293.594015
1702.000000	293.447474
1703.000000	293.337741
1704.000000	293.212674
1705.000000	293.060027
1706.000000	292.924952
1707.000000	292.786764
1708.000000	292.651041
1709.000000	292.489484
1710.000000	292.373514
1711.000000	292.217261
1712.000000	292.073614
1713.000000	291.922524
1714.000000	291.787175
1715.000000	291.651179
1716.000000	291.495124
1717.000000	291.348188
1718.000000	291.196923
1719.000000	291.063349
1720.000000	290.923911
1721.000000	290.775814
1722.000000	290.594537
1723.000000	290.478271
1724.000000	290.294451
1725.000000	290.150782
1726.000000	290.001578
1727.000000	289.867763
1728.000000	289.671962
1729.000000	289.537479
1730.000000	289.370352
1731.000000	289.230904
1732.000000	289.069543
1733.000000	288.910945
1734.000000	288.740476
1735.000000	288.576517
1736.000000	288.422424
1737.000000	288.256405
1738.000000	288.091066
1739.000000	287.926625
1740.000000	287.774067
1741.000000	287.598774
1742.000000	287.458569
1743.000000	287.266452
1744.000000	287.108138
1745.000000	286.954604
1746.000000	286.782425
1747.000000	286.626742
1748.000000	286.458444
1749.000000	286.265657
1750.000000	286.102225
1751.000000	285.916947
1752.000000	285.733270
1753.000000	285.563063
1754.000000	285.416994
1755.000000	285.232878
1756.000000	285.052291
1757.000000	284.893891
1758.000000	284.740280
1759.000000	284.553873
1760.000000	284.363476
1761.000000	284.178132
1762.000000	283.966328
1763.000000	283.818023
1764.000000	283.643399
1765.000000	283.450141
1766.000000	283.253442
1767.000000	283.073875
1768.000000	282.893891
1769.000000	282.706531
1770.000000	282.528082
1771.000000	282.330319
1772.000000	282.143178
1773.000000	281.962383
1774.000000	281.780196
1775.000000	281.594085
1776.000000	281.412096
1777.000000	281.232770
1778.000000	281.030535
1779.000000	280.839864
1780.000000	280.658094
1781.000000	280.462841
1782.000000	280.255564
1783.000000	280.076534
1784.000000	279.882487
1785.000000	279.702832
1786.000000	279.499348
1787.000000	279.296751
1788.000000	279.098254
1789.000000	278.893871
1790.000000	278.703123
1791.000000	278.513811
1792.000000	278.317090
1793.000000	278.101680
1794.000000	277.920633
1795.000000	277.695325
1796.000000	277.520372
1797.000000	277.312547
1798.000000	277.106048
1799.000000	276.908877
1800.000000	276.696284
1801.000000	276.501196
1802.000000	276.286136
1803.000000	276.104936
1804.000000	275.906822
1805.000000	275.684441
1806.000000	275.495776
1807.000000	275.311397
1808.000000	275.093334
1809.000000	274.871610
1810.000000	274.676028
1811.000000	274.456244
1812.000000	274.267064
1813.000000	274.046436
1814.000000	273.843018
1815.000000	273.648423
1816.000000	273.431259
1817.000000	273.243065
1818.000000	273.035119
1819.000000	272.827875
1820.000000	272.616137
1821.000000	272.425915
1822.000000	272.222508
1823.000000	272.021895
1824.000000	271.803766
1825.000000	271.597618
1826.000000	271.398967
1827.000000	271.190594
1828.000000	270.985323
1829.000000	270.763040
1830.000000	270.557648
1831.000000	270.354701
1832.000000	270.176285
1833.000000	269.964207
1834.000000	269.723947
1835.000000	269.529045
1836.000000	269.342485
1837.000000	269.124904
1838.000000	268.926593
1839.000000	268.726364
1840.000000	268.494808
1841.000000	268.309585
1842.000000	268.072702
1843.000000	267.868888
1844.000000	267.690067
1845.000000	267.477758
1846.000000	267.244010
1847.000000	267.058217
1848.000000	266.853099
1849.000000	266.629643
1850.000000	266.425040
1851.000000	266.224746
1852.000000	266.017249
1853.000000	265.816439
1854.000000	265.616024
1855.000000	265.391625
1856.000000	265.189412
1857.000000	264.969859
1858.000000	264.762878
1859.000000	264.563339
1860.000000	264.390151
1861.000000	264.154945
1862.000000	263.936235
1863.000000	263.751155
1864.000000	263.531042
1865.000000	263.309910
1866.000000	263.099936
1867.000000	262.900650
1868.000000	262.703655
1869.000000	262.495424
1870.000000	262.303591
1871.000000	262.089474
1872.000000	261.877451
1873.000000	261.672794
1874.000000	261.466963
1875.000000	261.245448
1876.000000	261.051806
1877.000000	260.860434
1878.000000	260.652949
1879.000000	260.455767
1880.000000	260.260328
1881.000000	260.031545
1882.000000	259.816398
1883.000000	259.602544
1884.000000	259.414832
1885.000000	259.191881
1886.000000	259.017257
1887.000000	258.815932
1888.000000	258.594493
1889.000000	258.418214
1890.000000	258.198518
1891.000000	258.005359
1892.000000	257.802653
1893.000000	257.604452
1894.000000	257.411260
1895.000000	257.223000
1896.000000	257.025830
1897.000000	256.828396
1898.000000	256.610212
1899.000000	256.408196
1900.000000	256.227281
1901.000000	256.019346
1902.000000	255.825858
1903.000000	255.618384
1904.000000	255.400244
1905.000000	255.221949
1906.000000	255.006166
1907.000000	254.817589
1908.000000	254.609676
1909.000000	254.427840
1910.000000	254.226153
1911.000000	254.063258
1912.000000	253.854775
1913.000000	253.669968
1914.000000	253.422321
1915.000000	253.244826
1916.000000	253.073830
1917.000000	252.873678
1918.000000	252.687622
1919.000000	252.490330
1920.000000	252.284577
1921.000000	252.093829
1922.000000	251.869628
1923.000000	251.715447
1924.000000	251.523900
1925.000000	251.320799
1926.000000	251.138360
1927.000000	250.912799
1928.000000	250.756985
1929.000000	250.550421
1930.000000	250.353184
1931.000000	250.161527
1932.000000	249.992186
1933.000000	249.804585
1934.000000	249.589591
1935.000000	249.398142
1936.000000	249.212020
1937.000000	249.036903
1938.000000	248.838461
1939.000000	248.664232
1940.000000	248.484632
1941.000000	248.293665
1942.000000	248.135933
1943.000000	247.966034
1944.000000	247.788714
1945.000000	247.643959
1946.000000	247.470892
1947.000000	247.307734
1948.000000	247.175180
1949.000000	247.057292
1950.000000	246.921789
1951.000000	246.817712
1952.000000	246.720814
1953.000000	246.631393
1954.000000	246.583766
1955.000000	246.524488
1956.000000	246.477475
1957.000000	246.453481
1958.000000	246.447134
1959.000000	246.438267
1960.000000	246.447068
1961.000000	246.451157
1962.000000	246.471600
1963.000000	246.514710
1964.000000	246.534616
1965.000000	246.568245
1966.000000	246.585169
1967.000000	246.635021
1968.000000	246.663147
1969.000000	246.668672
1970.000000	246.713547
1971.000000	246.740293
1972.000000	246.767290
1973.000000	246.775347
1974.000000	246.804778
1975.000000	246.793246
1976.000000	246.849313
1977.000000	246.860461
1978.000000	246.850015
1979.000000	246.880575
1980.000000	246.892478
1981.000000	246.895142
1982.000000	246.918292
1983.000000	246.918764
1984.000000	246.905215
1985.000000	246.871444
1986.000000	246.893312
1987.000000	246.894517
1988.000000	246.913699
1989.000000	246.901204
1990.000000	246.877396
1991.000000	246.875280
1992.000000	246.867213
1993.000000	246.850508
1994.000000	246.836642
1995.000000	246.823883
1996.000000	246.791558
1997.000000	246.802355
1998.000000	246.752295
1999.000000	246.753084
2000.000000	246.712977
2001.000000	246.672443
2002.000000	246.656286
2003.000000	246.624301
2004.000000	246.602587
2005.000000	246.590825
2006.000000	246.535263
2007.000000	246.496460
2008.000000	246.451826
2009.000000	246.410272
2010.000000	246.344559
2011.000000	246.299355
2012.000000	246.249119
2013.000000	246.187638
2014.000000	246.087145
2015.000000	245.990489
2016.000000	245.938850
2017.000000	245.811437
2018.000000	245.717093
2019.000000	245.620985
2020.000000	245.502407
2021.000000	245.386853
2022.000000	245.262191
2023.000000	245.104009
2024.000000	244.957644
2025.000000	244.805907
2026.000000	244.638726
2027.000000	244.459685
2028.000000	244.290345
2029.000000	244.090248
2030.000000	243.889558
2031.000000	243.679387
2032.000000	243.461237
2033.000000	243.256316
2034.000000	243.027511
2035.000000	242.815740
2036.000000	242.600078
2037.000000	242.373059
2038.000000	242.147762
2039.000000	241.917357
2040.000000	241.678128
2041.000000	241.479762
2042.000000	241.232772
2043.000000	241.025364
2044.000000	240.781684
2045.000000	240.548396
2046.000000	240.317640
2047.000000	240.103150
2048.000000	239.883509
2049.000000	239.638492
2050.000000	239.401598
2051.000000	239.178339
2052.000000	238.948142
2053.000000	238.725246
2054.000000	238.505516
2055.000000	238.247894
2056.000000	238.041045
2057.000000	237.827640
2058.000000	237.582087
2059.000000	237.394551
2060.000000	237.144854
2061.000000	236.927854
2062.000000	236.718121
2063.000000	236.496540
2064.000000	236.261410
2065.000000	236.044082
2066.000000	235.827082
2067.000000	235.590089
2068.000000	235.376937
2069.000000	235.181377
2070.000000	234.965737
2071.000000	234.741502
2072.000000	234.500947
2073.000000	234.327661
2074.000000	234.100116
2075.000000	233.876156
2076.000000	233.666555
2077.000000	233.477583
2078.000000	233.289653
2079.000000	233.065342
2080.000000	232.851302
2081.000000	232.648639
2082.000000	232.431684
2083.000000	232.222971
2084.000000	232.011188
2085.000000	231.807803
2086.000000	231.625429
2087.000000	231.424499
2088.000000	231.220894
2089.000000	231.056102
2090.000000	230.834894
2091.000000	230.657924
2092.000000	230.415297
2093.000000	230.244258
2094.000000	230.049027
2095.000000	229.849752
2096.000000	229.664463
2097.000000	229.462732
2098.000000	229.284820
2099.000000	229.081062
2100.000000	228.904827
2101.000000	228.740452
2102.000000	228.553004
2103.000000	228.350813
2104.000000	228.172419
2105.000000	227.987941
2106.000000	227.815597
2107.000000	227.638091
2108.000000	227.440832
2109.000000	227.262646
2110.000000	227.090785
2111.000000	226.899490
2112.000000	226.708709
2113.000000	226.526785
2114.000000	226.362016
2115.000000	226.137530
2116.000000	226.001271
2117.000000	225.799617
2118.000000	225.646565
2119.000000	225.463545
2120.000000	225.284866
2121.000000	225.118025
2122.000000	224.961673
2123.000000	224.792585
2124.000000	224.599722
2125.000000	224.426206
2126.000000	224.257304
2127.000000	224.069768
2128.000000	223.909054
2129.000000	223.732041
2130.000000	223.567743
2131.000000	223.412992
2132.000000	223.231573
2133.000000	223.076964
2134.000000	222.910266
2135.000000	222.740049
2136.000000	222.604776
2137.000000	222.413513
2138.000000	222.232839
2139.000000	222.070284
2140.000000	221.906019
2141.000000	221.739375
2142.000000	221.574836
2143.000000	221.450820
2144.000000	221.274947
2145.000000	221.110309
2146.000000	220.937823
2147.000000	220.773810
2148.000000	220.610981
2149.000000	220.461502
2150.000000	220.307300
2151.000000	220.154237
2152.000000	220.004090
2153.000000	219.838794
2154.000000	219.677083
2155.000000	219.542391
2156.000000	219.393263
2157.000000	219.240124
2158.000000	219.075530
2159.000000	218.928814
2160.000000	218.762904
2161.000000	218.620024
2162.000000	218.460188
2163.000000	218.299638
2164.000000	218.169737
2165.000000	217.982606
2166.000000	217.833150
2167.000000	217.682794
2168.000000	217.528745
2169.000000	217.393779
2170.000000	217.237494
2171.000000	217.094559
2172.000000	216.935577
2173.000000	216.768407
2174.000000	216.614479
2175.000000	216.471248
2176.000000	216.340492
2177.000000	216.193205
2178.000000	216.060903
2179.000000	215.889941
2180.000000	215.750470
2181.000000	215.607678
2182.000000	215.461268
2183.000000	215.313609
2184.000000	215.162125
2185.000000	215.018160
2186.000000	214.888291
2187.000000	214.709393
2188.000000	214.568168
2189.000000	214.436655
2190.000000	214.304879
2191.000000	214.171897
2192.000000	214.025696
2193.000000	213.882411
2194.000000	213.738391
2195.000000	213.595643
2196.000000	213.462146
2197.000000	213.337977
2198.000000	213.176211
2199.000000	213.061162
2200.000000	212.919016
2201.000000	212.764156
2202.000000	212.634813
2203.000000	212.492262
2204.000000	212.344176
2205.000000	212.222934
2206.000000	212.085392
2207.000000	211.957891
2208.000000	211.809859
2209.000000	211.697430
2210.000000	211.560250
2211.000000	211.432409
2212.000000	211.269645
2213.000000	211.140248
2214.000000	211.007398
2215.000000	210.869187
2216.000000	210.748515
2217.000000	210.609088
2218.000000	210.476939
2219.000000	210.342171
2220.000000	210.219712
2221.000000	210.113399
2222.000000	209.958692
2223.000000	209.824975
2224.000000	209.675300
2225.000000	209.548522
2226.000000	209.416384
2227.000000	209.298003
2228.000000	209.159617
2229.000000	209.034571
2230.000000	208.922591
2231.000000	208.790453
2232.000000	208.660289
2233.000000	208.528545
2234.000000	208.401252
2235.000000	208.274146
2236.000000	208.159184
2237.000000	208.038161
2238.000000	207.912381
2239.000000	207.809060
2240.000000	207.659505
2241.000000	207.553806
2242.000000	207.408964
2243.000000	207.303890
2244.000000	207.182417
2245.000000	207.060747
2246.000000	206.934287
2247.000000	206.807619
2248.000000	206.665737
2249.000000	206.558569
2250.000000	206.418079
2251.000000	206.328032
2252.000000	206.194754
2253.000000	206.056160
2254.000000	205.955306
2255.000000	205.840037
2256.000000	205.706354
2257.000000	205.585035
2258.000000	205.446332
2259.000000	205.307617
2260.000000	205.236029
2261.000000	205.115664
2262.000000	204.979711
2263.000000	204.854940
2264.000000	204.751444
2265.000000	204.621827
2266.000000	204.518824
2267.000000	204.383935
2268.000000	204.274454
2269.000000	204.132254
2270.000000	204.021074
2271.000000	203.894779
2272.000000	203.792225
2273.000000	203.664351
2274.000000	203.565141
2275.000000	203.443745
2276.000000	203.329606
2277.000000	203.220147
2278.000000	203.102708
2279.000000	202.984645
2280.000000	202.851411
2281.000000	202.720139
2282.000000	202.597526
2283.000000	202.486939
2284.000000	202.374641
2285.000000	202.228626
2286.000000	202.142865
2287.000000	202.074511
2288.000000	201.944346
2289.000000	201.832191
2290.000000	201.708361
2291.000000	201.614895
2292.000000	201.460966
2293.000000	201.377025
2294.000000	201.259663
2295.000000	201.137478
2296.000000	201.005307
2297.000000	200.936010
2298.000000	200.807819
2299.000000	200.688330
2300.000000	200.569324
2301.000000	200.460062
2302.000000	200.363472
2303.000000	200.248795
2304.000000	200.129899
2305.000000	200.041398
2306.000000	199.919300
2307.000000	199.811091
2308.000000	199.701424
2309.000000	199.564507
2310.000000	199.402269
2311.000000	199.317024
2312.000000	199.233379
2313.000000	199.115359
2314.000000	198.982476
2315.000000	198.902557
2316.000000	198.755151
2317.000000	198.675287
2318.000000	198.578872
2319.000000	198.473337
2320.000000	198.355372
2321.000000	198.279444
2322.000000	198.153466
2323.000000	198.081834
2324.000000	198.005555
2325.000000	197.930766
2326.000000	197.862840
2327.000000	197.769910
2328.000000	197.689619
2329.000000	197.656692
2330.000000	197.575984
2331.000000	197.490629
2332.000000	197.490716
2333.000000	197.396757
2334.000000	197.358886
2335.000000	197.319929
2336.000000	197.258448
2337.000000	197.234662
2338.000000	197.207642
2339.000000	197.145755
2340.000000	197.139748
2341.000000	197.122868
2342.000000	197.078135
2343.000000	197.066977
2344.000000	197.069925
2345.000000	197.049757
2346.000000	197.036340
2347.000000	197.059227
2348.000000	197.048244
2349.000000	197.036406
2350.000000	197.046139
2351.000000	197.086597
2352.000000	197.108739
2353.000000	197.075504
2354.000000	197.117420
2355.000000	197.117661
2356.000000	197.154469
2357.000000	197.200200
2358.000000	197.258448
2359.000000	197.277520
2360.000000	197.302128
2361.000000	197.354249
2362.000000	197.415895
2363.000000	197.445984
2364.000000	197.492503
2365.000000	197.590091
2366.000000	197.629705
2367.000000	197.700679
2368.000000	197.784554
2369.000000	197.827544
2370.000000	197.908318
2371.000000	198.005884
2372.000000	198.046693
2373.000000	198.108678
2374.000000	198.233209
2375.000000	198.270718
2376.000000	198.390426
2377.000000	198.467034
2378.000000	198.591598
2379.000000	198.691762
2380.000000	198.788177
2381.000000	198.897614
2382.000000	199.026956
2383.000000	199.151739
2384.000000	199.255707
2385.000000	199.392700
2386.000000	199.453338
2387.000000	199.611421
2388.000000	199.719247
2389.000000	199.851286
2390.000000	199.998693
2391.000000	200.135763
2392.000000	200.271737
2393.000000	200.398471
2394.000000	200.529655
2395.000000	200.698140
2396.000000	200.839705
2397.000000	200.971832
2398.000000	201.111346
2399.000000	201.265308
2400.000000	201.428061
2401.000000	201.617339
2402.000000	201.792314
2403.000000	201.934185
2404.000000	202.107767
2405.000000	202.251524
2406.000000	202.408445
2407.000000	202.605660
2408.000000	202.766121
2409.000000	202.969387
2410.000000	203.122537
2411.000000	203.343582
2412.000000	203.493257
2413.000000	203.716253
2414.000000	203.876112
2415.000000	204.043786
2416.000000	204.294897
2417.000000	204.456082
2418.000000	204.663107
2419.000000	204.798182
2420.000000	205.049162
2421.000000	205.256494
2422.000000	205.485025
2423.000000	205.643930
2424.000000	205.863385
2425.000000	206.088266
2426.000000	206.299840
2427.000000	206.481303
2428.000000	206.686147
2429.000000	206.954686
2430.000000	207.128630
2431.000000	207.363124
2432.000000	207.571443
2433.000000	207.813960
2434.000000	208.038282
2435.000000	208.221948
2436.000000	208.442105
2437.000000	208.682112
2438.000000	208.911334
2439.000000	209.136609
2440.000000	209.391261
2441.000000	209.609938
2442.000000	209.849233
2443.000000	210.130169
2444.000000	210.351488
2445.000000	210.594477
2446.000000	210.869779
2447.000000	211.130942
2448.000000	211.334108
2449.000000	211.602615
2450.000000	211.851041
2451.000000	212.055128
2452.000000	212.294916
2453.000000	212.551015
2454.000000	212.848930
2455.000000	213.060603
2456.000000	213.353794
2457.000000	213.589625
2458.000000	213.854701
2459.000000	214.112772
2460.000000	214.405361
2461.000000	214.676684
2462.000000	214.930558
2463.000000	215.205948
2464.000000	215.444235
2465.000000	215.692002
2466.000000	215.993809
2467.000000	216.237171
2468.000000	216.510895
2469.000000	216.789738
2470.000000	217.042910
2471.000000	217.299929
2472.000000	217.591268
2473.000000	217.877170
2474.000000	218.167775
2475.000000	218.407376
2476.000000	218.668561
2477.000000	218.952073
2478.000000	219.240321
2479.000000	219.551072
2480.000000	219.805362
2481.000000	220.110118
2482.000000	220.371127
2483.000000	220.660843
2484.000000	220.921469
2485.000000	221.210539
2486.000000	221.471022
2487.000000	221.797327
2488.000000	222.095988
2489.000000	222.365010
2490.000000	222.633736
2491.000000	222.942810
2492.000000	223.213037
2493.000000	223.497021
2494.000000	223.809186
2495.000000	224.045752
2496.000000	224.390911
2497.000000	224.635554
2498.000000	224.956609
2499.000000	225.244824
2500.000000	225.514493
2501.000000	225.810161
2502.000000	226.101522
2503.000000	226.420505
2504.000000	226.704500
2505.000000	226.974837
2506.000000	227.285775
2507.000000	227.581213
2508.000000	227.914851
2509.000000	228.158421
2510.000000	228.438799
2511.000000	228.723035
2512.000000	229.060115
2513.000000	229.319809
2514.000000	229.575885
2515.000000	229.894452
2516.000000	230.185670
2517.000000	230.500861
2518.000000	230.778882
2519.000000	231.117398
2520.000000	231.381673
2521.000000	231.691043
2522.000000	232.004042
2523.000000	232.316273
2524.000000	232.584933
2525.000000	232.860433
2526.000000	233.193468
2527.000000	233.450575
2528.000000	233.788137
2529.000000	234.074445
2530.000000	234.401572
2531.000000	234.663908
2532.000000	234.960387
2533.000000	235.298399
2534.000000	235.606323
2535.000000	235.885166
2536.000000	236.207700
2537.000000	236.526672
2538.000000	236.808683
2539.000000	237.099858
2540.000000	237.405106
2541.000000	237.697311
2542.000000	238.051962
2543.000000	238.318671
2544.000000	238.614548
2545.000000	238.907125
2546.000000	239.210697
2547.000000	239.483226
2548.000000	239.799086
2549.000000	240.099413
2550.000000	240.370868
2551.000000	240.716125
2552.000000	241.020804
2553.000000	241.309852
2554.000000	241.610398
2555.000000	241.928636
2556.000000	242.217684
2557.000000	242.507905
2558.000000	242.816102
2559.000000	243.105249
2560.000000	243.428934
2561.000000	243.709509
2562.000000	243.999532
2563.000000	244.287704
2564.000000	244.602302
2565.000000	244.889596
2566.000000	245.199460
2567.000000	245.520789
2568.000000	245.827473
2569.000000	246.052464
2570.000000	246.388612
2571.000000	246.657908
2572.000000	246.967410
2573.000000	247.250177
2574.000000	247.499096
2575.000000	247.812478
2576.000000	248.115128
2577.000000	248.313406
2578.000000	248.527874
2579.000000	248.753062
2580.000000	248.974117
2581.000000	249.180156
2582.000000	249.313938
2583.000000	249.480439
2584.000000	249.598185
2585.000000	249.751993
2586.000000	249.837348
2587.000000	249.957132
2588.000000	250.033302
2589.000000	250.149184
2590.000000	250.228116
2591.000000	250.278845
2592.000000	250.348098
2593.000000	250.396612
2594.000000	250.481584
2595.000000	250.519093
2596.000000	250.565163
2597.000000	250.578065
2598.000000	250.635984
2599.000000	250.665525
2600.000000	250.711825
2601.000000	250.746912
2602.000000	250.753653
2603.000000	250.796446
2604.000000	250.824857
2605.000000	250.857281
2606.000000	250.900687
2607.000000	250.939457
2608.000000	250.983850
2609.000000	250.990175
2610.000000	251.026972
2611.000000	251.085603
2612.000000	251.088563
2613.000000	251.127377
2614.000000	251.153059
2615.000000	251.178171
2616.000000	251.234917
2617.000000	251.298558
2618.000000	251.337230
2619.000000	251.384736
2620.000000	251.453583
2621.000000	251.563700
2622.000000	251.616708
2623.000000	251.678530
2624.000000	251.774989
2625.000000	251.835034
2626.000000	251.936283
2627.000000	252.021321
2628.000000	252.103563
2629.000000	252.225298
2630.000000	252.299868
2631.000000	252.422974
2632.000000	252.531457
2633.000000	252.631369
2634.000000	252.765403
2635.000000	252.883247
2636.000000	253.042799
2637.000000	253.181897
2638.000000	253.298316
2639.000000	253.402251
2640.000000	253.542577
2641.000000	253.686597
2642.000000	253.805482
2643.000000	253.960343
2644.000000	254.149895
2645.000000	254.282494
2646.000000	254.454256
2647.000000	254.630886
2648.000000	254.817402
2649.000000	255.004763
2650.000000	255.205200
2651.000000	255.362297
2652.000000	255.601416
2653.000000	255.828226
2654.000000	256.078811
2655.000000	256.319454
2656.000000	256.608601
2657.000000	256.903853
2658.000000	257.183255
2659.000000	257.481642
2660.000000	257.769144
2661.000000	258.068638
2662.000000	258.374260
2663.000000	258.671441
2664.000000	258.971549
2665.000000	259.265014
2666.000000	259.600143
2667.000000	259.896217
2668.000000	260.174666
2669.000000	260.492739
2670.000000	260.777567
2671.000000	261.084591
2672.000000	261.382967
2673.000000	261.663860
2674.000000	261.973274
2675.000000	262.293540
2676.000000	262.540716
2677.000000	262.856334
2678.000000	263.149657
2679.000000	263.458851
2680.000000	263.722020
2681.000000	264.001564
2682.000000	264.290612
2683.000000	264.577479
2684.000000	264.868917
2685.000000	265.143858
2686.000000	265.429497
2687.000000	265.680125
2688.000000	265.981899
2689.000000	266.241867
2690.000000	266.501627
2691.000000	266.807456
2692.000000	267.069134
2693.000000	267.335350
2694.000000	267.617700
2695.000000	267.876824
2696.000000	268.148093
2697.000000	268.382795
2698.000000	268.643388
2699.000000	268.908902
2700.000000	269.168376
2701.000000	269.446386
2702.000000	269.690526
2703.000000	269.952796
2704.000000	270.185295
2705.000000	270.452420
2706.000000	270.697733
2707.000000	270.945753
2708.000000	271.166271
2709.000000	271.371773
2710.000000	271.666575
2711.000000	271.901825
2712.000000	272.155162
2713.000000	272.382684
2714.000000	272.635856
2715.000000	272.895188
2716.000000	273.140829
2717.000000	273.334032
2718.000000	273.588794
2719.000000	273.814266
2720.000000	274.110001
2721.000000	274.302206
2722.000000	274.528128
2723.000000	274.772279
2724.000000	275.007847
2725.000000	275.242275
2726.000000	275.478479
2727.000000	275.665291
2728.000000	275.934215
2729.000000	276.122013
2730.000000	276.410075
2731.000000	276.549392
2732.000000	276.791526
2733.000000	277.003210
2734.000000	277.245903
2735.000000	277.447239
2736.000000	277.696848
2737.000000	277.895674
2738.000000	278.090357
2739.000000	278.301032
2740.000000	278.520246
2741.000000	278.738451
2742.000000	278.956602
2743.000000	279.148051
2744.000000	279.349310
2745.000000	279.561060
2746.000000	279.765355
2747.000000	279.961134
2748.000000	280.165178
2749.000000	280.372948
2750.000000	280.576498
2751.000000	280.778897
2752.000000	280.971311
2753.000000	281.165172
2754.000000	281.368338
2755.000000	281.554526
2756.000000	281.761167
2757.000000	281.941787
2758.000000	282.155323
2759.000000	282.316113
2760.000000	282.509316
2761.000000	282.702048
2762.000000	282.866236
2763.000000	283.054824
2764.000000	283.223770
2765.000000	283.409618
2766.000000	283.593701
2767.000000	283.751334
2768.000000	283.970483
2769.000000	284.118821
2770.000000	284.304439
2771.000000	284.477089
2772.000000	284.678261
2773.000000	284.873514
2774.000000	285.035707
2775.000000	285.186315
2776.000000	285.371768
2777.000000	285.555040
2778.000000	285.709637
2779.000000	285.874538
2780.000000	286.046301
2781.000000	286.207979
2782.000000	286.384455
2783.000000	286.518643
2784.000000	286.680694
2785.000000	286.843961
2786.000000	287.028823
2787.000000	287.182817
2788.000000	287.349044
2789.000000	287.500617
2790.000000	287.652364
2791.000000	287.809471
2792.000000	287.987274
2793.000000	288.125298
2794.000000	288.276453
2795.000000	288.445454
2796.000000	288.601586
2797.000000	288.753191
2798.000000	288.914124
2799.000000	289.053419
2800.000000	289.200629
2801.000000	289.351740
2802.000000	289.495935
2803.000000	289.634354
2804.000000	289.760101
2805.000000	289.890803
2806.000000	290.064002
2807.000000	290.179325
2808.000000	290.355944
2809.000000	290.482360
2810.000000	290.630249
2811.000000	290.760951
2812.000000	290.895050
2813.000000	291.075187
2814.000000	291.186598
2815.000000	291.340307
2816.000000	291.503268
2817.000000	291.612705
2818.000000	291.736709
2819.000000	291.880192
2820.000000	292.025560
2821.000000	292.138702
2822.000000	292.264855
2823.000000	292.418301
2824.000000	292.542262
2825.000000	292.661904
2826.000000	292.811854
2827.000000	292.927188
2828.000000	293.050392
2829.000000	293.192724
2830.000000	293.318614
2831.000000	293.441972
2832.000000	293.565735
2833.000000	293.691439
2834.000000	293.825287
2835.000000	293.911979
2836.000000	294.036477
2837.000000	294.166938
2838.000000	294.283477
2839.000000	294.386360
2840.000000	294.532868
2841.000000	294.656532
2842.000000	294.774201
2843.000000	294.865037
2844.000000	295.006536
2845.000000	295.123876
2846.000000	295.224632
2847.000000	295.334222
2848.000000	295.473857
2849.000000	295.576071
2850.000000	295.688665
2851.000000	295.787996
2852.000000	295.910882
2853.000000	296.016472
2854.000000	296.105170
2855.000000	296.213149
2856.000000	296.335312
2857.000000	296.464513
2858.000000	296.544190
2859.000000	296.651917
2860.000000	296.755468
2861.000000	296.874277
2862.000000	296.958273
2863.000000	297.080260
2864.000000	297.196998
2865.000000	297.282682
2866.000000	297.412726
2867.000000	297.510193
2868.000000	297.595483
2869.000000	297.694474
2870.000000	297.778437
2871.000000	297.875542
2872.000000	297.985845
2873.000000	298.075081
2874.000000	298.150023
2875.000000	298.269654
2876.000000	298.364140
2877.000000	298.460193
2878.000000	298.562703
2879.000000	298.650327
2880.000000	298.755007
2881.000000	298.851334
2882.000000	298.934442
2883.000000	299.051717
2884.000000	299.089643
2885.000000	299.188612
2886.000000	299.306807
2887.000000	299.389170
2888.000000	299.461470
2889.000000	299.566851
2890.000000	299.648677
2891.000000	299.727181
2892.000000	299.831324
2893.000000	299.909741
2894.000000	300.014114
2895.000000	300.076133
2896.000000	300.181930
2897.000000	300.227452
2898.000000	300.325972
2899.000000	300.405880
2900.000000	300.501451
2901.000000	300.547937
2902.000000	300.653341
2903.000000	300.738488
2904.000000	300.831757
2905.000000	300.885313
2906.000000	300.966196
2907.000000	301.069539
2908.000000	301.143473
2909.000000	301.234089
2910.000000	301.320661
2911.000000	301.391942
2912.000000	301.444764
2913.000000	301.522381
2914.000000	301.632191
2915.000000	301.705116
2916.000000	301.764252
2917.000000	301.825898
2918.000000	301.916317
2919.000000	302.029667
2920.000000	302.088091
2921.000000	302.151162
2922.000000	302.239104
2923.000000	302.329008
2924.000000	302.397746
2925.000000	302.445581
2926.000000	302.533216
2927.000000	302.621103
2928.000000	302.680612
2929.000000	302.766811
2930.000000	302.816564
2931.000000	302.890969
2932.000000	302.952757
2933.000000	303.014359
2934.000000	303.084172
2935.000000	303.171653
2936.000000	303.260001
2937.000000	303.332082
2938.000000	303.385189
2939.000000	303.478776
2940.000000	303.535128
2941.000000	303.598013
2942.000000	303.657390
2943.000000	303.735664
2944.000000	303.793342
2945.000000	303.866410
2946.000000	303.939762
2947.000000	303.959339
2948.000000	304.075934
2949.000000	304.127901
2950.000000	304.186379
2951.000000	304.274552
2952.000000	304.311962
2953.000000	304.375965
2954.000000	304.456629
2955.000000	304.523492
2956.000000	304.591682
2957.000000	304.659346
2958.000000	304.739517
2959.000000	304.806577
2960.000000	304.842015
2961.000000	304.906884
2962.000000	304.974964
2963.000000	305.025167
2964.000000	305.104910
2965.000000	305.158729
2966.000000	305.223795
2967.000000	305.315672
2968.000000	305.373449
2969.000000	305.457368
2970.000000	305.507198
2971.000000	305.575816
2972.000000	305.648806
2973.000000	305.730720
2974.000000	305.774872
2975.000000	305.864853
2976.000000	305.940134
2977.000000	306.018759
2978.000000	306.073379
2979.000000	306.147883
2980.000000	306.264784
2981.000000	306.340209
2982.000000	306.393426
2983.000000	306.492373
2984.000000	306.598730
2985.000000	306.710951
2986.000000	306.806347
2987.000000	306.916091
2988.000000	307.026996
2989.000000	307.144479
2990.000000	307.247328
2991.000000	307.370149
2992.000000	307.486141
2993.000000	307.605147
2994.000000	307.767143
2995.000000	307.881962
2996.000000	308.040977
2997.000000	308.204289
2998.000000	308.335462
2999.000000	308.497524
3000.000000	308.685904
3001.000000	308.844743
3002.000000	309.012297
3003.000000	309.207779
3004.000000	309.387314
3005.000000	309.564436
3006.000000	309.765389
3007.000000	309.953221
3008.000000	310.170418
3009.000000	310.399069
3010.000000	310.617242
3011.000000	310.844742
3012.000000	311.100490
3013.000000	311.377843
3014.000000	311.680987
3015.000000	311.993251
3016.000000	312.327886
3017.000000	312.670655
3018.000000	313.056623
3019.000000	313.381634
3020.000000	313.741251
3021.000000	314.104561
3022.000000	314.503551
3023.000000	314.879992
3024.000000	315.252521
3025.000000	315.636231
3026.000000	316.050861
3027.000000	316.401983
3028.000000	316.788312
3029.000000	317.178357
3030.000000	317.561365
3031.000000	317.940393
3032.000000	318.317931
3033.000000	318.700227
3034.000000	319.070289
3035.000000	319.425938
3036.000000	319.800714
3037.000000	320.167674
3038.000000	320.535687
3039.000000	320.895961
3040.000000	321.225281
3041.000000	321.561100
3042.000000	321.904187
3043.000000	322.245005
3044.000000	322.623793
3045.000000	322.969083
3046.000000	323.327198
3047.000000	323.670909
3048.000000	323.998628
3049.000000	324.324451
3050.000000	324.648630
3051.000000	324.993274
3052.000000	325.318165
3053.000000	325.632161
3054.000000	325.951692
3055.000000	326.286360
3056.000000	326.568097
3057.000000	326.930235
3058.000000	327.269266
3059.000000	327.577485
3060.000000	327.881714
3061.000000	328.205247
3062.000000	328.472032
3063.000000	328.801198
3064.000000	329.122713
3065.000000	329.411411
3066.000000	329.726514
3067.000000	330.033483
3068.000000	330.348378
3069.000000	330.629303
3070.000000	330.918878
3071.000000	331.220301
3072.000000	331.510248
3073.000000	331.798364
3074.000000	332.089034
3075.000000	332.365816
3076.000000	332.645284
3077.000000	332.914098
3078.000000	333.213460
3079.000000	333.465306
3080.000000	333.758092
3081.000000	334.016284
3082.000000	334.313202
3083.000000	334.569826
3084.000000	334.834913
3085.000000	335.105316
3086.000000	335.363026
3087.000000	335.617721
3088.000000	335.921457
3089.000000	336.150262
3090.000000	336.403171
3091.000000	336.697667
3092.000000	336.961997
3093.000000	337.219696
3094.000000	337.469448
3095.000000	337.686491
3096.000000	337.966661
3097.000000	338.230947
3098.000000	338.476271
3099.000000	338.720400
3100.000000	338.978690
3101.000000	339.228585
3102.000000	339.483236
3103.000000	339.748334
3104.000000	339.985864
3105.000000	340.201417
3106.000000	340.465309
3107.000000	340.687778
3108.000000	340.933771
3109.000000	341.166116
3110.000000	341.386185
3111.000000	341.652225
3112.000000	338.415228
3113.000000	315.570682
3114.000000	293.322165
3115.000000	280.093644
3116.000000	269.221122
3117.000000	259.361846
3118.000000	250.168399
3119.000000	241.470039
3120.000000	233.333114
3121.000000	225.988161
3122.000000	218.643197
3123.000000	211.646109
3124.000000	205.012694
3125.000000	198.727715
3126.000000	193.024942
3127.000000	187.748846
3128.000000	182.612254
3129.000000	177.411024
3130.000000	172.604092
3131.000000	168.041496
3132.000000	163.537598
3133.000000	158.900642
3134.000000	154.221035
3135.000000	149.580078
3136.000000	145.185891
3137.000000	140.913034
3138.000000	136.848836
3139.000000	132.939870
3140.000000	129.187475
3141.000000	125.568434
3142.000000	122.155991
3143.000000	118.930130
3144.000000	115.894765
3145.000000	112.957481
3146.000000	110.001935
3147.000000	107.287997
3148.000000	104.449167
3149.000000	101.828849
3150.000000	99.389052
3151.000000	97.329127
3152.000000	95.331035
3153.000000	93.334499
3154.000000	91.433743
3155.000000	89.545077
3156.000000	87.813946
3157.000000	85.868194
3158.000000	83.946995
3159.000000	82.087552
3160.000000	80.329204
3161.000000	78.630990
3162.000000	77.004572
3163.000000	75.426054
3164.000000	73.970642
3165.000000	72.534664
3166.000000	71.068894
3167.000000	69.650926
3168.000000	68.249695
3169.000000	66.876427
3170.000000	65.563446
3171.000000	64.353982
3172.000000	63.200739
3173.000000	62.147615
3174.000000	61.128867
3175.000000	60.149030
3176.000000	59.104489
3177.000000	58.114810
3178.000000	57.293900
3179.000000	56.391352
3180.000000	55.450285
3181.000000	54.521046
3182.000000	53.618968
3183.000000	52.784445
3184.000000	51.943630
3185.000000	51.115651
3186.000000	50.365891
3187.000000	49.611516
3188.000000	48.948766
3189.000000	48.256663
3190.000000	47.603230
3191.000000	46.969703
3192.000000	46.337985
3193.000000	45.732464
3194.000000	45.121988
3195.000000	44.516994
3196.000000	43.935872
3197.000000	43.359103
3198.000000	42.807566
3199.000000	42.242371
3200.000000	41.730646
3201.000000	41.186135
3202.000000	40.755314
3203.000000	40.366683
3204.000000	39.925362
3205.000000	39.521977
3206.000000	39.103006
3207.000000	38.730784
3208.000000	38.355251
3209.000000	38.034821
3210.000000	37.657283
3211.000000	37.305669
3212.000000	36.986510
3213.000000	36.643927
3214.000000	36.318083
3215.000000	35.980290
3216.000000	35.660090
3217.000000	35.361955
3218.000000	35.078925
3219.000000	34.795018
3220.000000	34.535938
3221.000000	34.273493
3222.000000	33.994924
3223.000000	33.766393
3224.000000	33.505581
3225.000000	33.254865
3226.000000	33.040441
3227.000000	32.789341
3228.000000	32.620395
3229.000000	32.394111
3230.000000	32.202125
3231.000000	32.082110
3232.000000	31.863181
3233.000000	31.690432
3234.000000	31.521048
3235.000000	31.336198
3236.000000	31.179430
3237.000000	31.021774
3238.000000	30.876538
3239.000000	30.715386
3240.000000	30.559857
3241.000000	30.429966
3242.000000	30.303550
3243.000000	30.172158
3244.000000	30.072366
3245.000000	29.945238
3246.000000	29.823174
3247.000000	29.705373
3248.000000	29.588570
3249.000000	29.466495
3250.000000	29.356849
3251.000000	29.231453
3252.000000	29.146032
3253.000000	29.068689
3254.000000	28.941736
3255.000000	28.864657
3256.000000	28.755439
