0.000000	25.633447
1.000000	25.633041
2.000000	25.597242
3.000000	25.634663
4.000000	25.602657
5.000000	25.613125
6.000000	25.619241
7.000000	25.614571
8.000000	25.627308
9.000000	25.612050
10.000000	25.593066
11.000000	25.597614
12.000000	25.602700
13.000000	25.640725
14.000000	25.614287
15.000000	25.639399
16.000000	25.620381
17.000000	25.642895
18.000000	25.609836
19.000000	25.638061
20.000000	25.658570
21.000000	25.639125
22.000000	25.628065
23.000000	25.640846
24.000000	25.658296
25.000000	25.673850
26.000000	25.691202
27.000000	25.705484
28.000000	25.691848
29.000000	25.691530
30.000000	25.713409
31.000000	25.716928
32.000000	25.727165
33.000000	25.739858
34.000000	25.781687
35.000000	25.821860
36.000000	25.802162
37.000000	25.829609
38.000000	25.849635
39.000000	25.849493
40.000000	25.914537
41.000000	25.924687
42.000000	25.947815
43.000000	25.966142
44.000000	25.992954
45.000000	26.033039
46.000000	26.044099
47.000000	26.081455
48.000000	26.088207
49.000000	26.155794
50.000000	26.170668
51.000000	26.188568
52.000000	26.246805
53.000000	26.265110
54.000000	26.312682
55.000000	26.351386
56.000000	26.390836
57.000000	26.438309
58.000000	26.492523
59.000000	26.519850
60.000000	26.554487
61.000000	26.591679
62.000000	26.617427
63.000000	26.691777
64.000000	26.783128
65.000000	26.814071
66.000000	26.883697
67.000000	26.919913
68.000000	26.987127
69.000000	27.052073
70.000000	27.088749
71.000000	27.163055
72.000000	27.252039
73.000000	27.298339
74.000000	27.370815
75.000000	27.444266
76.000000	27.522354
77.000000	27.589206
78.000000	27.681314
79.000000	27.747783
80.000000	27.827142
81.000000	27.908639
82.000000	27.969726
83.000000	28.070515
84.000000	28.141412
85.000000	28.206577
86.000000	28.301786
87.000000	28.429254
88.000000	28.489048
89.000000	28.591426
90.000000	28.670741
91.000000	28.792433
92.000000	28.885615
93.000000	28.983246
94.000000	29.104050
95.000000	29.195478
96.000000	29.321017
97.000000	29.393131
98.000000	29.502513
99.000000	29.598183
100.000000	29.725268
101.000000	29.859576
102.000000	29.959082
103.000000	30.071939
104.000000	30.194234
105.000000	30.300678
106.000000	30.420452
107.000000	30.563573
108.000000	30.673536
109.000000	30.806616
110.000000	30.920295
111.000000	31.072722
112.000000	31.218277
113.000000	31.312247
114.000000	31.445328
115.000000	31.592746
116.000000	31.741840
117.000000	31.859663
118.000000	32.001315
119.000000	32.146804
120.000000	32.276826
121.000000	32.452940
122.000000	32.596664
123.000000	32.719485
124.000000	32.855141
125.000000	33.024624
126.000000	33.164676
127.000000	33.335397
128.000000	33.500539
129.000000	33.674856
130.000000	33.809756
131.000000	33.982516
132.000000	34.131479
133.000000	34.276069
134.000000	34.454792
135.000000	34.603393
136.000000	34.787915
137.000000	34.935399
138.000000	35.118736
139.000000	35.307938
140.000000	35.445721
141.000000	35.600516
142.000000	35.822514
143.000000	35.963464
144.000000	36.166850
145.000000	36.330151
146.000000	36.485011
147.000000	36.658747
148.000000	36.846853
149.000000	37.034202
150.000000	37.204102
151.000000	37.402709
152.000000	37.580993
153.000000	37.780389
154.000000	37.964242
155.000000	38.146111
156.000000	38.328079
157.000000	38.539258
158.000000	38.716096
159.000000	38.902755
160.000000	39.094083
161.000000	39.291528
162.000000	39.510402
163.000000	39.713119
164.000000	39.885704
165.000000	40.083226
166.000000	40.290821
167.000000	40.473062
168.000000	40.701418
169.000000	40.926364
170.000000	41.122856
171.000000	41.343440
172.000000	41.531118
173.000000	41.741771
174.000000	41.945639
175.000000	42.201749
176.000000	42.369412
177.000000	42.619263
178.000000	42.815151
179.000000	43.041643
180.000000	43.272509
181.000000	43.473538
182.000000	43.694824
183.000000	43.911440
184.000000	44.113127
185.000000	44.359294
186.000000	44.596232
187.000000	44.824325
188.000000	45.058939
189.000000	45.299111
190.000000	45.509085
191.000000	45.771519
192.000000	45.983038
193.000000	46.267208
194.000000	46.482202
195.000000	46.703246
196.000000	46.924839
197.000000	47.148174
198.000000	47.388631
199.000000	47.643633
200.000000	47.882062
201.000000	48.117817
202.000000	48.346720
203.000000	48.597864
204.000000	48.834046
205.000000	49.074229
206.000000	49.334810
207.000000	49.572483
208.000000	49.818727
209.000000	50.059612
210.000000	50.327219
211.000000	50.548933
212.000000	50.814392
213.000000	51.056548
214.000000	51.295897
215.000000	51.558211
216.000000	51.836221
217.000000	52.063601
218.000000	52.305176
219.000000	52.589817
220.000000	52.830877
221.000000	53.077088
222.000000	53.339764
223.000000	53.616151
224.000000	53.865388
225.000000	54.123438
226.000000	54.393227
227.000000	54.655781
228.000000	54.923510
229.000000	55.137079
230.000000	55.414234
231.000000	55.674859
232.000000	55.923329
233.000000	56.170570
234.000000	56.446498
235.000000	56.723806
236.000000	56.983007
237.000000	57.265237
238.000000	57.520984
239.000000	57.782870
240.000000	58.052955
241.000000	58.316398
242.000000	58.607857
243.000000	58.850726
244.000000	59.106561
245.000000	59.375692
246.000000	59.645120
247.000000	59.909779
248.000000	60.212594
249.000000	60.447592
250.000000	60.754189
251.000000	60.989483
252.000000	61.274914
253.000000	61.559589
254.000000	61.841271
255.000000	62.121506
256.000000	62.368046
257.000000	62.651087
258.000000	62.910551
259.000000	63.188035
260.000000	63.452771
261.000000	63.741249
262.000000	64.011180
263.000000	64.292676
264.000000	64.579586
265.000000	64.866409
266.000000	65.144507
267.000000	65.414373
268.000000	65.706358
269.000000	65.954455
270.000000	66.239952
271.000000	66.521107
272.000000	66.820700
273.000000	67.097724
274.000000	67.403378
275.000000	67.683503
276.000000	67.968013
277.000000	68.229932
278.000000	68.530862
279.000000	68.830137
280.000000	69.099696
281.000000	69.411390
282.000000	69.665680
283.000000	69.967552
284.000000	70.264142
285.000000	70.525962
286.000000	70.804673
287.000000	71.125630
288.000000	71.382912
289.000000	71.703013
290.000000	72.006464
291.000000	72.258551
292.000000	72.574980
293.000000	72.826508
294.000000	73.124149
295.000000	73.382210
296.000000	73.704152
297.000000	73.990394
298.000000	74.298471
299.000000	74.582532
300.000000	74.871481
301.000000	75.158227
302.000000	75.437969
303.000000	75.718840
304.000000	76.037626
305.000000	76.309442
306.000000	76.602974
307.000000	76.879131
308.000000	77.185005
309.000000	77.477703
310.000000	77.774380
311.000000	78.079212
312.000000	78.373828
313.000000	78.642850
314.000000	78.931426
315.000000	79.209426
316.000000	79.514915
317.000000	79.808238
318.000000	80.082105
319.000000	80.395465
320.000000	80.692262
321.000000	80.974284
322.000000	81.255133
323.000000	81.542570
324.000000	81.801102
325.000000	82.113431
326.000000	82.427383
327.000000	82.717133
328.000000	82.982899
329.000000	83.264735
330.000000	83.575058
331.000000	83.856236
332.000000	84.173959
333.000000	84.451322
334.000000	84.765219
335.000000	85.026645
336.000000	85.346406
337.000000	85.648016
338.000000	85.928306
339.000000	86.227778
340.000000	86.514206
341.000000	86.812111
342.000000	87.098418
343.000000	87.423364
344.000000	87.705211
345.000000	87.993765
346.000000	88.279755
347.000000	88.575917
348.000000	88.882898
349.000000	89.161543
350.000000	89.445571
351.000000	89.748945
352.000000	90.064125
353.000000	90.332259
354.000000	90.632904
355.000000	90.908535
356.000000	91.241077
357.000000	91.482784
358.000000	91.801197
359.000000	92.098641
360.000000	92.386834
361.000000	92.678250
362.000000	92.951908
363.000000	93.259579
364.000000	93.554831
365.000000	93.848352
366.000000	94.139811
367.000000	94.394715
368.000000	94.652874
369.000000	94.934918
370.000000	95.243279
371.000000	95.522725
372.000000	95.772477
373.000000	96.058259
374.000000	96.330766
375.000000	96.614246
376.000000	96.877502
377.000000	97.176996
378.000000	97.449821
379.000000	97.718459
380.000000	97.975994
381.000000	98.277856
382.000000	98.557751
383.000000	98.813795
384.000000	99.095882
385.000000	99.366756
386.000000	99.638288
387.000000	99.904910
388.000000	100.196764
389.000000	100.464086
390.000000	100.753441
391.000000	101.018385
392.000000	101.309352
393.000000	101.593675
394.000000	101.843603
395.000000	102.125909
396.000000	102.400160
397.000000	102.672053
398.000000	102.952354
399.000000	103.212706
400.000000	103.500164
401.000000	103.754728
402.000000	104.009698
403.000000	104.312272
404.000000	104.609124
405.000000	104.847663
406.000000	105.136459
407.000000	105.415400
408.000000	105.667520
409.000000	105.987500
410.000000	106.239620
411.000000	106.513245
412.000000	106.811676
413.000000	107.085751
414.000000	107.376783
415.000000	107.615925
416.000000	107.878578
417.000000	108.196026
418.000000	108.467756
419.000000	108.728874
420.000000	109.011477
421.000000	109.256603
422.000000	109.553039
423.000000	109.823475
424.000000	110.105552
425.000000	110.383792
426.000000	110.671612
427.000000	110.904385
428.000000	111.192710
429.000000	111.467629
430.000000	111.759231
431.000000	112.020305
432.000000	112.258066
433.000000	112.537391
434.000000	112.826888
435.000000	113.106060
436.000000	113.385780
437.000000	113.639741
438.000000	113.908807
439.000000	114.189579
440.000000	114.460508
441.000000	114.722230
442.000000	114.985519
443.000000	115.260953
444.000000	115.520504
445.000000	115.770355
446.000000	116.085337
447.000000	116.331132
448.000000	116.617823
449.000000	116.880531
450.000000	117.124945
451.000000	117.405115
452.000000	117.692124
453.000000	117.948847
454.000000	118.212980
455.000000	118.469440
456.000000	118.725298
457.000000	118.991886
458.000000	119.278643
459.000000	119.545155
460.000000	119.833677
461.000000	120.083505
462.000000	120.352702
463.000000	120.597050
464.000000	120.852031
465.000000	121.142197
466.000000	121.421292
467.000000	121.678728
468.000000	121.943727
469.000000	122.212573
470.000000	122.467543
471.000000	122.743623
472.000000	122.996806
473.000000	123.278346
474.000000	123.529961
475.000000	123.810339
476.000000	124.047376
477.000000	124.313142
478.000000	124.563924
479.000000	124.851174
480.000000	125.103601
481.000000	125.354789
482.000000	125.637326
483.000000	125.908595
484.000000	126.175852
485.000000	126.433233
486.000000	126.671596
487.000000	126.941878
488.000000	127.160862
489.000000	127.473575
490.000000	127.723480
491.000000	127.997796
492.000000	128.227007
493.000000	128.491611
494.000000	128.787280
495.000000	129.035892
496.000000	129.268950
497.000000	129.494061
498.000000	129.758249
499.000000	130.057381
500.000000	130.325022
501.000000	130.573404
502.000000	130.811734
503.000000	131.054898
504.000000	131.357669
505.000000	131.595320
506.000000	131.861284
507.000000	132.088116
508.000000	132.324199
509.000000	132.593747
510.000000	132.848179
511.000000	133.137304
512.000000	133.372510
513.000000	133.631722
514.000000	133.878679
515.000000	134.123904
516.000000	134.382413
517.000000	134.657223
518.000000	134.898754
519.000000	135.156025
520.000000	135.396372
521.000000	135.647714
522.000000	135.892664
523.000000	136.147338
524.000000	136.417423
525.000000	136.667131
526.000000	136.899224
527.000000	137.172675
528.000000	137.421692
529.000000	137.679621
530.000000	137.937408
531.000000	138.167451
532.000000	138.413630
533.000000	138.653275
534.000000	138.886037
535.000000	139.157701
536.000000	139.400438
537.000000	139.664757
538.000000	139.895458
539.000000	140.109827
540.000000	140.354197
541.000000	140.635967
542.000000	140.858184
543.000000	141.105667
544.000000	141.383863
545.000000	141.603636
546.000000	141.848653
547.000000	142.110539
548.000000	142.338412
549.000000	142.578507
550.000000	142.844898
551.000000	143.086418
552.000000	143.318600
553.000000	143.554781
554.000000	143.796488
555.000000	144.018047
556.000000	144.289371
557.000000	144.519480
558.000000	144.766404
559.000000	145.019927
560.000000	145.259474
561.000000	145.487161
562.000000	145.709959
563.000000	145.978312
564.000000	146.221257
565.000000	146.447146
566.000000	146.696043
567.000000	146.934856
568.000000	147.163913
569.000000	147.398604
570.000000	147.645572
571.000000	147.882225
572.000000	148.125828
573.000000	148.355214
574.000000	148.613757
575.000000	148.842112
576.000000	149.074797
577.000000	149.330173
578.000000	149.535937
579.000000	149.754055
580.000000	150.030980
581.000000	150.241885
582.000000	150.471205
583.000000	150.746398
584.000000	150.976442
585.000000	151.206847
586.000000	151.422926
587.000000	151.676744
588.000000	151.891168
589.000000	152.142323
590.000000	152.368004
591.000000	152.621779
592.000000	152.823597
593.000000	153.059659
594.000000	153.311055
595.000000	153.550021
596.000000	153.789360
597.000000	154.032864
598.000000	154.242728
599.000000	154.476520
600.000000	154.654783
601.000000	154.929022
602.000000	155.147501
603.000000	155.393373
604.000000	155.600793
605.000000	155.817924
606.000000	156.012486
607.000000	156.277244
608.000000	156.502344
609.000000	156.745453
610.000000	156.965807
611.000000	157.174498
612.000000	157.398151
613.000000	157.609090
614.000000	157.864245
615.000000	158.064211
616.000000	158.302849
617.000000	158.528530
618.000000	158.740597
619.000000	158.948521
620.000000	159.179923
621.000000	159.409090
622.000000	159.630935
623.000000	159.862962
624.000000	160.059026
625.000000	160.295526
626.000000	160.516537
627.000000	160.758792
628.000000	160.974443
629.000000	161.215481
630.000000	161.441809
631.000000	161.631975
632.000000	161.870602
633.000000	162.068134
634.000000	162.272715
635.000000	162.515430
636.000000	162.723594
637.000000	162.957990
638.000000	163.144736
639.000000	163.384535
640.000000	163.597830
641.000000	163.810215
642.000000	164.001489
643.000000	164.230513
644.000000	164.451470
645.000000	164.658320
646.000000	164.860522
647.000000	165.069761
648.000000	165.281795
649.000000	165.493709
650.000000	165.670547
651.000000	165.915793
652.000000	166.096709
653.000000	166.311812
654.000000	166.524219
655.000000	166.752257
656.000000	166.975482
657.000000	167.172127
658.000000	167.389193
659.000000	167.622974
660.000000	167.785661
661.000000	168.024671
662.000000	168.228879
663.000000	168.452346
664.000000	168.653166
665.000000	168.859347
666.000000	169.059905
667.000000	169.299836
668.000000	169.500175
669.000000	169.704854
670.000000	169.897026
671.000000	170.087982
672.000000	170.333163
673.000000	170.534751
674.000000	170.731517
675.000000	170.940449
676.000000	171.148099
677.000000	171.357173
678.000000	171.543197
679.000000	171.764482
680.000000	171.957718
681.000000	172.185131
682.000000	172.370639
683.000000	172.566505
684.000000	172.778956
685.000000	172.967808
686.000000	173.181924
687.000000	173.395460
688.000000	173.584016
689.000000	173.812788
690.000000	174.022115
691.000000	174.222245
692.000000	174.457386
693.000000	174.626112
694.000000	174.806578
695.000000	175.030527
696.000000	175.229002
697.000000	175.430777
698.000000	175.629680
699.000000	175.859789
700.000000	176.032187
701.000000	176.234565
702.000000	176.434618
703.000000	176.617956
704.000000	176.840020
705.000000	177.056428
706.000000	177.256131
707.000000	177.447646
708.000000	177.669929
709.000000	177.845758
710.000000	178.046009
711.000000	178.242149
712.000000	178.463216
713.000000	178.683701
714.000000	178.845368
715.000000	179.083995
716.000000	179.270807
717.000000	179.448116
718.000000	179.647907
719.000000	179.870113
720.000000	180.066845
721.000000	180.269585
722.000000	180.443101
723.000000	180.667335
724.000000	180.865284
725.000000	181.069701
726.000000	181.267704
727.000000	181.417172
728.000000	181.653299
729.000000	181.842863
730.000000	182.021016
731.000000	182.227789
732.000000	182.401535
733.000000	182.628302
734.000000	182.823050
735.000000	183.003220
736.000000	183.180967
737.000000	183.375069
738.000000	183.552828
739.000000	183.733447
740.000000	183.947684
741.000000	184.105482
742.000000	184.298137
743.000000	184.471698
744.000000	184.656219
745.000000	184.827215
746.000000	184.990943
747.000000	185.160864
748.000000	185.350460
749.000000	185.559722
750.000000	185.739563
751.000000	185.895749
752.000000	186.100012
753.000000	186.271128
754.000000	186.453479
755.000000	186.639437
756.000000	186.830842
757.000000	187.016504
758.000000	187.196772
759.000000	187.384812
760.000000	187.551314
761.000000	187.728491
762.000000	187.957175
763.000000	188.070328
764.000000	188.265581
765.000000	188.472595
766.000000	188.648929
767.000000	188.842482
768.000000	189.005355
769.000000	189.194141
770.000000	189.362111
771.000000	189.540637
772.000000	189.739682
773.000000	189.935614
774.000000	190.110479
775.000000	190.312209
776.000000	190.518993
777.000000	190.681713
778.000000	190.889516
779.000000	191.072141
780.000000	191.263075
781.000000	191.490302
782.000000	191.667534
783.000000	191.898784
784.000000	192.085322
785.000000	192.302168
786.000000	192.495634
787.000000	192.699623
788.000000	192.923736
789.000000	193.131770
790.000000	193.373750
791.000000	193.565364
792.000000	193.780895
793.000000	194.010226
794.000000	194.265601
795.000000	194.478402
796.000000	194.675935
797.000000	194.900936
798.000000	195.141656
799.000000	195.374396
800.000000	195.625562
801.000000	195.842255
802.000000	196.111386
803.000000	196.360064
804.000000	196.628439
805.000000	196.855041
806.000000	197.119908
807.000000	197.376369
808.000000	197.636589
809.000000	197.898705
810.000000	198.159111
811.000000	198.429086
812.000000	198.734390
813.000000	199.012849
814.000000	199.270669
815.000000	199.543669
816.000000	199.844961
817.000000	200.113895
818.000000	200.373907
819.000000	200.679309
820.000000	200.960279
821.000000	201.287943
822.000000	201.564111
823.000000	201.842516
824.000000	202.175891
825.000000	202.474717
826.000000	202.777609
827.000000	203.073979
828.000000	203.372673
829.000000	203.711419
830.000000	204.020800
831.000000	204.346349
832.000000	204.680031
833.000000	204.936842
834.000000	205.278087
835.000000	205.602748
836.000000	205.955788
837.000000	206.313443
838.000000	206.749064
839.000000	207.142989
840.000000	207.562421
841.000000	208.022158
842.000000	208.493524
843.000000	208.970218
844.000000	209.445563
845.000000	209.961805
846.000000	210.505373
847.000000	210.993400
848.000000	211.543238
849.000000	212.095959
850.000000	212.647024
851.000000	213.230469
852.000000	213.783595
853.000000	214.378341
854.000000	214.925395
855.000000	215.437932
856.000000	215.975230
857.000000	216.498344
858.000000	216.993223
859.000000	217.457541
860.000000	217.979088
861.000000	218.457667
862.000000	218.947623
863.000000	219.455468
864.000000	219.905614
865.000000	220.418852
866.000000	220.999228
867.000000	221.579955
868.000000	222.106730
869.000000	222.587567
870.000000	223.059657
871.000000	223.492933
872.000000	223.954390
873.000000	224.455494
874.000000	224.995555
875.000000	225.567359
876.000000	226.179851
877.000000	226.805453
878.000000	227.441052
879.000000	228.104547
880.000000	228.776844
881.000000	229.448253
882.000000	230.124495
883.000000	230.849845
884.000000	231.560188
885.000000	232.208557
886.000000	232.923164
887.000000	233.558740
888.000000	234.154528
889.000000	234.790598
890.000000	235.402334
891.000000	235.982370
892.000000	236.572611
893.000000	237.114557
894.000000	237.663419
895.000000	238.173796
896.000000	238.653778
897.000000	239.159355
898.000000	239.637067
899.000000	240.079935
900.000000	240.541249
901.000000	240.979611
902.000000	241.387819
903.000000	241.821358
904.000000	242.196386
905.000000	242.629914
906.000000	242.991537
907.000000	243.382151
908.000000	243.760599
909.000000	244.132887
910.000000	244.473409
911.000000	244.797522
912.000000	245.139370
913.000000	245.454298
914.000000	245.785108
915.000000	246.066878
916.000000	246.383855
917.000000	246.672815
918.000000	246.966083
919.000000	247.244608
920.000000	247.513247
921.000000	247.765618
922.000000	248.003214
923.000000	248.242136
924.000000	248.488633
925.000000	248.738308
926.000000	248.974040
927.000000	249.158091
928.000000	249.392749
929.000000	249.615580
930.000000	249.810953
931.000000	250.004310
932.000000	250.216530
933.000000	250.384018
934.000000	250.554005
935.000000	250.698441
936.000000	250.880716
937.000000	251.058693
938.000000	251.225008
939.000000	251.384681
940.000000	251.552607
941.000000	251.708147
942.000000	251.845195
943.000000	252.020860
944.000000	252.214392
945.000000	252.424190
946.000000	252.626864
947.000000	252.888333
948.000000	253.096838
949.000000	253.329085
950.000000	253.590730
951.000000	253.863500
952.000000	254.154642
953.000000	254.412845
954.000000	254.711396
955.000000	255.006166
956.000000	255.335376
957.000000	255.650654
958.000000	256.004154
959.000000	256.406037
960.000000	256.815604
961.000000	257.224667
962.000000	257.650160
963.000000	258.112977
964.000000	258.571387
965.000000	259.043367
966.000000	259.585477
967.000000	260.088006
968.000000	260.640979
969.000000	261.138345
970.000000	261.706861
971.000000	262.238186
972.000000	262.782422
973.000000	263.350795
974.000000	263.916264
975.000000	264.459766
976.000000	264.996988
977.000000	265.559464
978.000000	266.110234
979.000000	266.667043
980.000000	267.200702
981.000000	267.793661
982.000000	268.299314
983.000000	268.826934
984.000000	269.412089
985.000000	269.973852
986.000000	270.506284
987.000000	271.073791
988.000000	271.613325
989.000000	272.178794
990.000000	272.720356
991.000000	273.282767
992.000000	273.825732
993.000000	274.366176
994.000000	274.910467
995.000000	275.470653
996.000000	275.991608
997.000000	276.511762
998.000000	277.010970
999.000000	277.544816
1000.000000	278.019679
1001.000000	278.509668
1002.000000	278.994550
1003.000000	279.508128
1004.000000	280.017683
1005.000000	280.513942
1006.000000	281.051164
1007.000000	281.545976
1008.000000	282.071381
1009.000000	282.583699
1010.000000	283.079147
1011.000000	283.565004
1012.000000	284.089160
1013.000000	284.596205
1014.000000	285.088562
1015.000000	285.569673
1016.000000	286.061822
1017.000000	286.521668
1018.000000	286.990250
1019.000000	287.459797
1020.000000	287.894136
1021.000000	288.339064
1022.000000	288.756019
1023.000000	289.220172
1024.000000	289.609680
1025.000000	289.993400
1026.000000	290.380508
1027.000000	290.781810
1028.000000	291.189535
1029.000000	291.606917
1030.000000	292.054180
1031.000000	292.459011
1032.000000	292.896299
1033.000000	293.359214
1034.000000	293.821286
1035.000000	294.328287
1036.000000	294.764095
1037.000000	295.224555
1038.000000	295.693280
1039.000000	296.168154
1040.000000	296.615043
1041.000000	297.098599
1042.000000	297.571149
1043.000000	298.038712
1044.000000	298.468875
1045.000000	298.911544
1046.000000	299.285794
1047.000000	299.673285
1048.000000	300.052073
1049.000000	300.426070
1050.000000	300.758875
1051.000000	301.110808
1052.000000	301.405348
1053.000000	301.689902
1054.000000	302.015757
1055.000000	302.306110
1056.000000	302.585775
1057.000000	302.928653
1058.000000	303.227687
1059.000000	303.587062
1060.000000	303.924066
1061.000000	304.266298
1062.000000	304.593129
1063.000000	304.966984
1064.000000	305.297718
1065.000000	305.652292
1066.000000	306.026081
1067.000000	306.373509
1068.000000	306.744624
1069.000000	307.093783
1070.000000	307.502780
1071.000000	307.906833
1072.000000	308.283330
1073.000000	308.715105
1074.000000	309.107703
1075.000000	309.479180
1076.000000	309.868984
1077.000000	310.248539
1078.000000	310.596985
1079.000000	310.992467
1080.000000	311.345518
1081.000000	311.673577
1082.000000	312.012005
1083.000000	312.345304
1084.000000	312.672826
1085.000000	312.963145
1086.000000	313.307164
1087.000000	313.594666
1088.000000	313.933423
1089.000000	314.236041
1090.000000	314.522009
1091.000000	314.850638
1092.000000	315.114684
1093.000000	315.387202
1094.000000	315.670210
1095.000000	315.937599
1096.000000	316.237630
1097.000000	316.520441
1098.000000	316.726480
1099.000000	317.021337
1100.000000	317.265641
1101.000000	317.530684
1102.000000	317.781718
1103.000000	318.027645
1104.000000	318.306488
1105.000000	318.604908
1106.000000	318.876253
1107.000000	319.139279
1108.000000	319.431210
1109.000000	319.698127
1110.000000	319.987910
1111.000000	320.226207
1112.000000	320.541080
1113.000000	320.797222
1114.000000	321.069817
1115.000000	321.337644
1116.000000	321.587298
1117.000000	321.905075
1118.000000	322.164440
1119.000000	322.497541
1120.000000	322.774016
1121.000000	323.055096
1122.000000	323.300912
1123.000000	323.570647
1124.000000	323.801962
1125.000000	324.016978
1126.000000	324.245848
1127.000000	324.458036
1128.000000	324.702910
1129.000000	324.883080
1130.000000	325.122770
1131.000000	325.308738
1132.000000	325.443627
1133.000000	325.624784
1134.000000	325.795954
1135.000000	325.895329
1136.000000	326.035962
1137.000000	326.163792
1138.000000	326.266422
1139.000000	326.353498
1140.000000	326.459515
1141.000000	326.539751
1142.000000	326.651731
1143.000000	326.733689
1144.000000	326.781699
1145.000000	326.825040
1146.000000	326.908257
1147.000000	326.932471
1148.000000	326.939354
1149.000000	326.951576
1150.000000	326.977752
1151.000000	326.975559
1152.000000	326.954843
1153.000000	326.931046
1154.000000	326.921521
1155.000000	326.904432
1156.000000	326.892079
1157.000000	326.852454
1158.000000	326.794951
1159.000000	326.763196
1160.000000	326.728109
1161.000000	326.668020
1162.000000	326.602526
1163.000000	326.541385
1164.000000	326.468964
1165.000000	326.405849
1166.000000	326.314728
1167.000000	326.257116
1168.000000	326.216493
1169.000000	326.099888
1170.000000	326.038022
1171.000000	325.949784
1172.000000	325.856899
1173.000000	325.768562
1174.000000	325.684073
1175.000000	325.612200
1176.000000	325.502949
1177.000000	325.431855
1178.000000	325.327482
1179.000000	325.243332
1180.000000	325.129719
1181.000000	325.022913
1182.000000	324.952958
1183.000000	324.840759
1184.000000	324.760895
1185.000000	324.657180
1186.000000	324.545090
1187.000000	324.414257
1188.000000	324.284903
1189.000000	324.199965
1190.000000	324.013459
1191.000000	323.870152
1192.000000	323.746629
1193.000000	323.603739
1194.000000	323.450194
1195.000000	323.322714
1196.000000	323.164500
1197.000000	323.015931
1198.000000	322.856489
1199.000000	322.720504
1200.000000	322.551701
1201.000000	322.392445
1202.000000	322.262455
1203.000000	322.103945
1204.000000	321.960133
1205.000000	321.775677
1206.000000	321.621880
1207.000000	321.445766
1208.000000	321.295564
1209.000000	321.136604
1210.000000	320.956675
1211.000000	320.789505
1212.000000	320.591249
1213.000000	320.409139
1214.000000	320.226043
1215.000000	320.035438
1216.000000	319.838398
1217.000000	319.666219
1218.000000	319.439727
1219.000000	319.223867
1220.000000	319.014507
1221.000000	318.843907
1222.000000	318.653488
1223.000000	318.428761
1224.000000	318.207639
1225.000000	317.994147
1226.000000	317.797919
1227.000000	317.582037
1228.000000	317.364566
1229.000000	317.139718
1230.000000	316.935620
1231.000000	316.699208
1232.000000	316.477769
1233.000000	316.254072
1234.000000	316.027788
1235.000000	315.818154
1236.000000	315.612456
1237.000000	315.381108
1238.000000	315.139719
1239.000000	314.924747
1240.000000	314.708789
1241.000000	314.526273
1242.000000	314.280577
1243.000000	314.052013
1244.000000	313.854798
1245.000000	313.640210
1246.000000	313.400279
1247.000000	313.199250
1248.000000	312.980278
1249.000000	312.777933
1250.000000	312.568069
1251.000000	312.337806
1252.000000	312.124204
1253.000000	311.918396
1254.000000	311.690391
1255.000000	311.443325
1256.000000	311.248631
1257.000000	311.036027
1258.000000	310.829890
1259.000000	310.588995
1260.000000	310.356266
1261.000000	310.127680
1262.000000	309.925105
1263.000000	309.664589
1264.000000	309.449541
1265.000000	309.219037
1266.000000	308.981923
1267.000000	308.779403
1268.000000	308.549064
1269.000000	308.291748
1270.000000	308.107698
1271.000000	307.875451
1272.000000	307.657706
1273.000000	307.402726
1274.000000	307.187798
1275.000000	306.962774
1276.000000	306.706873
1277.000000	306.464115
1278.000000	306.213924
1279.000000	305.987860
1280.000000	305.771419
1281.000000	305.509686
1282.000000	305.290177
1283.000000	305.051189
1284.000000	304.806303
1285.000000	304.567831
1286.000000	304.313738
1287.000000	304.069675
1288.000000	303.826478
1289.000000	303.581165
1290.000000	303.340226
1291.000000	303.083930
1292.000000	302.829136
1293.000000	302.589337
1294.000000	302.361837
1295.000000	302.100444
1296.000000	301.854243
1297.000000	301.610575
1298.000000	301.393005
1299.000000	301.189532
1300.000000	300.913276
1301.000000	300.663370
1302.000000	300.423812
1303.000000	300.186962
1304.000000	299.964361
1305.000000	299.704799
1306.000000	299.498716
1307.000000	299.245226
1308.000000	299.017156
1309.000000	298.780777
1310.000000	298.537010
1311.000000	298.293111
1312.000000	298.070729
1313.000000	297.847241
1314.000000	297.612944
1315.000000	297.378757
1316.000000	297.123831
1317.000000	296.894347
1318.000000	296.672952
1319.000000	296.467384
1320.000000	296.215802
1321.000000	295.980256
1322.000000	295.762303
1323.000000	295.512068
1324.000000	295.298105
1325.000000	295.059599
1326.000000	294.807513
1327.000000	294.587630
1328.000000	294.336135
1329.000000	294.114795
1330.000000	293.892534
1331.000000	293.637356
1332.000000	293.419041
1333.000000	293.164082
1334.000000	292.931112
1335.000000	292.713641
1336.000000	292.486338
1337.000000	292.231204
1338.000000	292.018063
1339.000000	291.786309
1340.000000	291.534825
1341.000000	291.291858
1342.000000	291.059458
1343.000000	290.824208
1344.000000	290.572888
1345.000000	290.337989
1346.000000	290.114610
1347.000000	289.896372
1348.000000	289.621277
1349.000000	289.376885
1350.000000	289.145066
1351.000000	288.910802
1352.000000	288.685110
1353.000000	288.419487
1354.000000	288.196666
1355.000000	287.986364
1356.000000	287.745063
1357.000000	287.537567
1358.000000	287.296310
1359.000000	287.048367
1360.000000	286.818893
1361.000000	286.588137
1362.000000	286.369899
1363.000000	286.160440
1364.000000	285.910140
1365.000000	285.680765
1366.000000	285.449527
1367.000000	285.243938
1368.000000	285.018301
1369.000000	284.785308
1370.000000	284.564987
1371.000000	284.346683
1372.000000	284.121101
1373.000000	283.905691
1374.000000	283.680963
1375.000000	283.471231
1376.000000	283.217116
1377.000000	283.005575
1378.000000	282.771290
1379.000000	282.569066
1380.000000	282.347956
1381.000000	282.146652
1382.000000	281.910120
1383.000000	281.707128
1384.000000	281.477140
1385.000000	281.256972
1386.000000	281.047777
1387.000000	280.835337
1388.000000	280.623960
1389.000000	280.386310
1390.000000	280.190257
1391.000000	279.956169
1392.000000	279.739772
1393.000000	279.532297
1394.000000	279.292597
1395.000000	279.094845
1396.000000	278.892128
1397.000000	278.646453
1398.000000	278.427086
1399.000000	278.223448
1400.000000	278.010416
1401.000000	277.790205
1402.000000	277.597046
1403.000000	277.365161
1404.000000	277.183424
1405.000000	276.955550
1406.000000	276.732697
1407.000000	276.541007
1408.000000	276.296363
1409.000000	276.096671
1410.000000	275.887235
1411.000000	275.670421
1412.000000	275.440838
1413.000000	275.232026
1414.000000	275.008428
1415.000000	274.802006
1416.000000	274.625464
1417.000000	274.386421
1418.000000	274.190325
1419.000000	273.972448
1420.000000	273.775102
1421.000000	273.554518
1422.000000	273.353697
1423.000000	273.167432
1424.000000	272.935482
1425.000000	272.708441
1426.000000	272.516762
1427.000000	272.336110
1428.000000	272.125632
1429.000000	271.905421
1430.000000	271.723716
1431.000000	271.506037
1432.000000	271.312494
1433.000000	271.108319
1434.000000	270.903267
1435.000000	270.712026
1436.000000	270.493196
1437.000000	270.313026
1438.000000	270.093385
1439.000000	269.926138
1440.000000	269.705236
1441.000000	269.486033
1442.000000	269.314928
1443.000000	269.091461
1444.000000	268.906282
1445.000000	268.668577
1446.000000	268.487464
1447.000000	268.322432
1448.000000	268.112425
1449.000000	267.928167
1450.000000	267.738285
1451.000000	267.527555
1452.000000	267.301743
1453.000000	267.129750
1454.000000	266.944154
1455.000000	266.730311
1456.000000	266.531715
1457.000000	266.348805
1458.000000	266.152380
1459.000000	265.969316
1460.000000	265.785057
1461.000000	265.580433
1462.000000	265.371007
1463.000000	265.191166
1464.000000	265.002403
1465.000000	264.808849
1466.000000	264.612522
1467.000000	264.429119
1468.000000	264.226073
1469.000000	264.035950
1470.000000	263.830613
1471.000000	263.663224
1472.000000	263.481070
1473.000000	263.272269
1474.000000	263.080349
1475.000000	262.902207
1476.000000	262.713366
1477.000000	262.524405
1478.000000	262.341265
1479.000000	262.134503
1480.000000	261.938516
1481.000000	261.754619
1482.000000	261.546685
1483.000000	261.390542
1484.000000	261.209133
1485.000000	261.011557
1486.000000	260.803567
1487.000000	260.611340
1488.000000	260.479366
1489.000000	260.248402
1490.000000	260.077812
1491.000000	259.878559
1492.000000	259.719018
1493.000000	259.511675
1494.000000	259.315052
1495.000000	259.148507
1496.000000	258.947489
1497.000000	258.756993
1498.000000	258.575070
1499.000000	258.406091
1500.000000	258.218259
1501.000000	258.067893
1502.000000	257.877474
1503.000000	257.684107
1504.000000	257.499037
1505.000000	257.305067
1506.000000	257.140046
1507.000000	256.983881
1508.000000	256.799359
1509.000000	256.612229
1510.000000	256.437594
1511.000000	256.235568
1512.000000	256.096042
1513.000000	255.918558
1514.000000	255.732929
1515.000000	255.547048
1516.000000	255.375669
1517.000000	255.185623
1518.000000	255.022553
1519.000000	254.830621
1520.000000	254.672736
1521.000000	254.499241
1522.000000	254.327336
1523.000000	254.134045
1524.000000	253.995495
1525.000000	253.815150
1526.000000	253.646972
1527.000000	253.464555
1528.000000	253.319044
1529.000000	253.136496
1530.000000	252.970093
1531.000000	252.798451
1532.000000	252.641881
1533.000000	252.475259
1534.000000	252.285026
1535.000000	252.127053
1536.000000	251.961023
1537.000000	251.789929
1538.000000	251.637206
1539.000000	251.443225
1540.000000	251.276669
1541.000000	251.132309
1542.000000	250.952457
1543.000000	250.785868
1544.000000	250.634691
1545.000000	250.492545
1546.000000	250.284293
1547.000000	250.114360
1548.000000	249.988295
1549.000000	249.804738
1550.000000	249.677160
1551.000000	249.500619
1552.000000	249.347687
1553.000000	249.187390
1554.000000	249.040159
1555.000000	248.921295
1556.000000	248.778284
1557.000000	248.618271
1558.000000	248.507179
1559.000000	248.340272
1560.000000	248.250226
1561.000000	248.170812
1562.000000	248.040734
1563.000000	247.974956
1564.000000	247.878409
1565.000000	247.826365
1566.000000	247.737930
1567.000000	247.684724
1568.000000	247.633469
1569.000000	247.560950
1570.000000	247.535980
1571.000000	247.482215
1572.000000	247.459679
1573.000000	247.426006
1574.000000	247.421348
1575.000000	247.367517
1576.000000	247.349825
1577.000000	247.328626
1578.000000	247.319671
1579.000000	247.312305
1580.000000	247.312930
1581.000000	247.281460
1582.000000	247.262903
1583.000000	247.271595
1584.000000	247.276352
1585.000000	247.264569
1586.000000	247.258957
1587.000000	247.252183
1588.000000	247.226402
1589.000000	247.234349
1590.000000	247.229909
1591.000000	247.202890
1592.000000	247.200336
1593.000000	247.192334
1594.000000	247.198363
1595.000000	247.209226
1596.000000	247.193397
1597.000000	247.177865
1598.000000	247.165216
1599.000000	247.168428
1600.000000	247.158585
1601.000000	247.190833
1602.000000	247.176791
1603.000000	247.149969
1604.000000	247.151131
1605.000000	247.138624
1606.000000	247.162289
1607.000000	247.137692
1608.000000	247.141014
1609.000000	247.144554
1610.000000	247.169381
1611.000000	247.151580
1612.000000	247.172626
1613.000000	247.180419
1614.000000	247.182392
1615.000000	247.167682
1616.000000	247.177635
1617.000000	247.208382
1618.000000	247.198911
1619.000000	247.191994
1620.000000	247.214290
1621.000000	247.201246
1622.000000	247.221699
1623.000000	247.229931
1624.000000	247.254912
1625.000000	247.240947
1626.000000	247.285965
1627.000000	247.270082
1628.000000	247.281515
1629.000000	247.289933
1630.000000	247.302100
1631.000000	247.309192
1632.000000	247.314914
1633.000000	247.333405
1634.000000	247.349212
1635.000000	247.365555
1636.000000	247.381887
1637.000000	247.399370
1638.000000	247.410803
1639.000000	247.398340
1640.000000	247.412962
1641.000000	247.439466
1642.000000	247.455097
1643.000000	247.497923
1644.000000	247.480768
1645.000000	247.486523
1646.000000	247.488704
1647.000000	247.505102
1648.000000	247.524745
1649.000000	247.524142
1650.000000	247.555502
1651.000000	247.538381
1652.000000	247.558429
1653.000000	247.549693
1654.000000	247.550471
1655.000000	247.579113
1656.000000	247.567187
1657.000000	247.558977
1658.000000	247.562989
1659.000000	247.598876
1660.000000	247.595160
1661.000000	247.614835
1662.000000	247.596903
1663.000000	247.614441
1664.000000	247.632187
1665.000000	247.626728
1666.000000	247.657814
1667.000000	247.645505
1668.000000	247.639728
1669.000000	247.645308
1670.000000	247.688725
1671.000000	247.674454
1672.000000	247.655863
1673.000000	247.671012
1674.000000	247.668436
1675.000000	247.663920
1676.000000	247.682368
1677.000000	247.661640
1678.000000	247.656850
1679.000000	247.674399
1680.000000	247.662451
1681.000000	247.668962
1682.000000	247.682817
1683.000000	247.679660
1684.000000	247.678422
1685.000000	247.674344
1686.000000	247.663317
1687.000000	247.649122
1688.000000	247.660544
1689.000000	247.627737
1690.000000	247.620184
1691.000000	247.629808
1692.000000	247.640803
1693.000000	247.620722
1694.000000	247.622881
1695.000000	247.625862
1696.000000	247.628153
1697.000000	247.645275
1698.000000	247.619362
1699.000000	247.589361
1700.000000	247.599928
1701.000000	247.588134
1702.000000	247.611470
1703.000000	247.608675
1704.000000	247.586621
1705.000000	247.586084
1706.000000	247.589044
1707.000000	247.571001
1708.000000	247.572689
1709.000000	247.564205
1710.000000	247.577710
1711.000000	247.581535
1712.000000	247.548651
1713.000000	247.541384
1714.000000	247.555688
1715.000000	247.543982
1716.000000	247.536857
1717.000000	247.541592
1718.000000	247.515022
1719.000000	247.518979
1720.000000	247.500444
1721.000000	247.504763
1722.000000	247.478521
1723.000000	247.502724
1724.000000	247.470278
1725.000000	247.455459
1726.000000	247.477677
1727.000000	247.453321
1728.000000	247.464864
1729.000000	247.441867
1730.000000	247.429042
1731.000000	247.428889
1732.000000	247.423551
1733.000000	247.449912
1734.000000	247.445868
1735.000000	247.422159
1736.000000	247.416141
1737.000000	247.414453
1738.000000	247.403546
1739.000000	247.404051
1740.000000	247.402176
1741.000000	247.374455
1742.000000	247.380988
1743.000000	247.377415
1744.000000	247.346526
1745.000000	247.364623
1746.000000	247.354035
1747.000000	247.376889
1748.000000	247.357312
1749.000000	247.354857
1750.000000	247.331871
1751.000000	247.321414
1752.000000	247.328221
1753.000000	247.306671
1754.000000	247.289045
1755.000000	247.280386
1756.000000	247.258781
1757.000000	247.260217
1758.000000	247.256600
1759.000000	247.239961
1760.000000	247.244817
1761.000000	247.234524
1762.000000	247.255471
1763.000000	247.250100
1764.000000	247.239303
1765.000000	247.228441
1766.000000	247.228956
1767.000000	247.210157
1768.000000	247.187391
1769.000000	247.208908
1770.000000	247.178172
1771.000000	247.163616
1772.000000	247.130798
1773.000000	247.155811
1774.000000	247.121163
1775.000000	247.129461
1776.000000	247.125197
1777.000000	247.120757
1778.000000	247.112865
1779.000000	247.109708
1780.000000	247.070248
1781.000000	247.052063
1782.000000	247.069426
1783.000000	247.025975
1784.000000	247.047010
1785.000000	247.023027
1786.000000	247.029954
1787.000000	247.017766
1788.000000	247.003012
1789.000000	246.976957
1790.000000	246.964527
1791.000000	246.979007
1792.000000	246.963792
1793.000000	246.971356
1794.000000	246.931051
1795.000000	246.928146
1796.000000	246.931522
1797.000000	246.930481
1798.000000	246.905029
1799.000000	246.886866
1800.000000	246.878075
1801.000000	246.851483
1802.000000	246.855835
1803.000000	246.846737
1804.000000	246.807726
1805.000000	246.825790
1806.000000	246.791197
1807.000000	246.790375
1808.000000	246.763004
1809.000000	246.763826
1810.000000	246.748020
1811.000000	246.760659
1812.000000	246.745203
1813.000000	246.711256
1814.000000	246.705381
1815.000000	246.693061
1816.000000	246.668540
1817.000000	246.657952
1818.000000	246.682154
1819.000000	246.671686
1820.000000	246.639537
1821.000000	246.637465
1822.000000	246.640458
1823.000000	246.601984
1824.000000	246.626285
1825.000000	246.610205
1826.000000	246.579864
1827.000000	246.585849
1828.000000	246.559388
1829.000000	246.568113
1830.000000	246.555541
1831.000000	246.528445
1832.000000	246.526757
1833.000000	246.510764
1834.000000	246.485597
1835.000000	246.452100
1836.000000	246.489773
1837.000000	246.464727
1838.000000	246.436633
1839.000000	246.455026
1840.000000	246.424137
1841.000000	246.418821
1842.000000	246.401886
1843.000000	246.404122
1844.000000	246.407718
1845.000000	246.378462
1846.000000	246.346313
1847.000000	246.341139
1848.000000	246.358337
1849.000000	246.331910
1850.000000	246.318361
1851.000000	246.311006
1852.000000	246.285434
1853.000000	246.252737
1854.000000	246.262328
1855.000000	246.252331
1856.000000	246.234398
1857.000000	246.225169
1858.000000	246.227909
1859.000000	246.204408
1860.000000	246.195946
1861.000000	246.181390
1862.000000	246.179187
1863.000000	246.149295
1864.000000	246.160366
1865.000000	246.133029
1866.000000	246.106711
1867.000000	246.068916
1868.000000	246.073586
1869.000000	246.050019
1870.000000	246.020665
1871.000000	245.996134
1872.000000	246.031418
1873.000000	246.004157
1874.000000	245.967382
1875.000000	245.968906
1876.000000	245.962691
1877.000000	245.923033
1878.000000	245.905638
1879.000000	245.908356
1880.000000	245.895674
1881.000000	245.854032
1882.000000	245.847708
1883.000000	245.799445
1884.000000	245.813541
1885.000000	245.783519
1886.000000	245.775057
1887.000000	245.768162
1888.000000	245.757354
1889.000000	245.744376
1890.000000	245.720338
1891.000000	245.715778
1892.000000	245.698131
1893.000000	245.698328
1894.000000	245.671034
1895.000000	245.670136
1896.000000	245.636583
1897.000000	245.626893
1898.000000	245.612260
1899.000000	245.601639
1900.000000	245.558714
1901.000000	245.564403
1902.000000	245.536978
1903.000000	245.493375
1904.000000	245.485603
1905.000000	245.496937
1906.000000	245.436453
1907.000000	245.453607
1908.000000	245.441780
1909.000000	245.419463
1910.000000	245.395469
1911.000000	245.380244
1912.000000	245.353882
1913.000000	245.331663
1914.000000	245.298221
1915.000000	245.295732
1916.000000	245.244565
1917.000000	245.251109
1918.000000	245.228123
1919.000000	245.222807
1920.000000	245.149608
1921.000000	245.153960
1922.000000	245.143250
1923.000000	245.093585
1924.000000	245.077911
1925.000000	245.041103
1926.000000	245.034438
1927.000000	245.008000
1928.000000	244.970216
1929.000000	244.980235
1930.000000	244.948217
1931.000000	244.900897
1932.000000	244.885091
1933.000000	244.846891
1934.000000	244.827095
1935.000000	244.801073
1936.000000	244.774492
1937.000000	244.737509
1938.000000	244.681300
1939.000000	244.667565
1940.000000	244.630012
1941.000000	244.613888
1942.000000	244.573693
1943.000000	244.526801
1944.000000	244.473497
1945.000000	244.444153
1946.000000	244.428018
1947.000000	244.365353
1948.000000	244.337194
1949.000000	244.288887
1950.000000	244.271251
1951.000000	244.216686
1952.000000	244.156180
1953.000000	244.124820
1954.000000	244.064598
1955.000000	244.047258
1956.000000	243.958636
1957.000000	243.919976
1958.000000	243.886599
1959.000000	243.807437
1960.000000	243.766902
1961.000000	243.687291
1962.000000	243.609652
1963.000000	243.580276
1964.000000	243.516284
1965.000000	243.442219
1966.000000	243.370335
1967.000000	243.289058
1968.000000	243.227061
1969.000000	243.138406
1970.000000	243.055934
1971.000000	242.980981
1972.000000	242.858566
1973.000000	242.758073
1974.000000	242.678516
1975.000000	242.528095
1976.000000	242.388778
1977.000000	242.241207
1978.000000	242.086259
1979.000000	241.888825
1980.000000	241.704939
1981.000000	241.477241
1982.000000	241.252809
1983.000000	240.981409
1984.000000	240.707214
1985.000000	240.413946
1986.000000	240.125818
1987.000000	239.796258
1988.000000	239.497246
1989.000000	239.198366
1990.000000	238.853350
1991.000000	238.529346
1992.000000	238.217806
1993.000000	237.891183
1994.000000	237.545586
1995.000000	237.229102
1996.000000	236.903268
1997.000000	236.578398
1998.000000	236.228855
1999.000000	235.905510
2000.000000	235.585946
2001.000000	235.261898
2002.000000	234.943485
2003.000000	234.603709
2004.000000	234.298537
2005.000000	233.993518
2006.000000	233.666720
2007.000000	233.348526
2008.000000	233.033664
2009.000000	232.727780
2010.000000	232.414485
2011.000000	232.109215
2012.000000	231.788478
2013.000000	231.491242
2014.000000	231.222560
2015.000000	230.896836
2016.000000	230.593100
2017.000000	230.299316
2018.000000	230.026984
2019.000000	229.702104
2020.000000	229.427623
2021.000000	229.118966
2022.000000	228.827912
2023.000000	228.538502
2024.000000	228.264800
2025.000000	227.999385
2026.000000	227.716409
2027.000000	227.432524
2028.000000	227.158920
2029.000000	226.856379
2030.000000	226.627969
2031.000000	226.327203
2032.000000	226.085847
2033.000000	225.790080
2034.000000	225.533741
2035.000000	225.262187
2036.000000	225.004082
2037.000000	224.740322
2038.000000	224.504272
2039.000000	224.225078
2040.000000	223.955508
2041.000000	223.676062
2042.000000	223.442664
2043.000000	223.225544
2044.000000	222.916053
2045.000000	222.666049
2046.000000	222.416933
2047.000000	222.170798
2048.000000	221.897940
2049.000000	221.706119
2050.000000	221.394633
2051.000000	221.189373
2052.000000	220.906638
2053.000000	220.700731
2054.000000	220.444797
2055.000000	220.180686
2056.000000	219.953920
2057.000000	219.695476
2058.000000	219.471812
2059.000000	219.250723
2060.000000	218.976901
2061.000000	218.774819
2062.000000	218.555671
2063.000000	218.340085
2064.000000	218.098357
2065.000000	217.884679
2066.000000	217.648179
2067.000000	217.401233
2068.000000	217.167177
2069.000000	216.949674
2070.000000	216.695581
2071.000000	216.507640
2072.000000	216.292942
2073.000000	216.072522
2074.000000	215.837765
2075.000000	215.609157
2076.000000	215.397847
2077.000000	215.175158
2078.000000	214.952338
2079.000000	214.741290
2080.000000	214.548109
2081.000000	214.325081
2082.000000	214.147563
2083.000000	213.914933
2084.000000	213.727583
2085.000000	213.501278
2086.000000	213.281625
2087.000000	213.076891
2088.000000	212.915092
2089.000000	212.704220
2090.000000	212.483208
2091.000000	212.300934
2092.000000	212.100672
2093.000000	211.872064
2094.000000	211.653903
2095.000000	211.460152
2096.000000	211.255352
2097.000000	211.053018
2098.000000	210.867598
2099.000000	210.677968
2100.000000	210.483527
2101.000000	210.276020
2102.000000	210.091027
2103.000000	209.905902
2104.000000	209.694175
2105.000000	209.515057
2106.000000	209.362718
2107.000000	209.142517
2108.000000	208.940162
2109.000000	208.794443
2110.000000	208.576654
2111.000000	208.413748
2112.000000	208.210077
2113.000000	208.021752
2114.000000	207.842108
2115.000000	207.680485
2116.000000	207.479631
2117.000000	207.311584
2118.000000	207.136007
2119.000000	206.952845
2120.000000	206.791901
2121.000000	206.591880
2122.000000	206.425083
2123.000000	206.261870
2124.000000	206.079179
2125.000000	205.902144
2126.000000	205.719902
2127.000000	205.571246
2128.000000	205.379863
2129.000000	205.220245
2130.000000	205.039943
2131.000000	204.863467
2132.000000	204.663699
2133.000000	204.486477
2134.000000	204.334894
2135.000000	204.171561
2136.000000	203.991183
2137.000000	203.840948
2138.000000	203.637694
2139.000000	203.474130
2140.000000	203.315488
2141.000000	203.166579
2142.000000	203.012092
2143.000000	202.841392
2144.000000	202.645657
2145.000000	202.502503
2146.000000	202.337668
2147.000000	202.176253
2148.000000	201.991819
2149.000000	201.840686
2150.000000	201.692610
2151.000000	201.516781
2152.000000	201.368738
2153.000000	201.211718
2154.000000	201.074265
2155.000000	200.904552
2156.000000	200.757572
2157.000000	200.592134
2158.000000	200.460862
2159.000000	200.264141
2160.000000	200.135259
2161.000000	199.949334
2162.000000	199.798507
2163.000000	199.652219
2164.000000	199.503694
2165.000000	199.326242
2166.000000	199.193962
2167.000000	199.024841
2168.000000	198.885348
2169.000000	198.718792
2170.000000	198.582917
2171.000000	198.414486
2172.000000	198.297760
2173.000000	198.139304
2174.000000	197.999493
2175.000000	197.879018
2176.000000	197.752317
2177.000000	197.626910
2178.000000	197.512606
2179.000000	197.359236
2180.000000	197.279406
2181.000000	197.162274
2182.000000	197.071230
2183.000000	196.971592
2184.000000	196.851325
2185.000000	196.791104
2186.000000	196.689833
2187.000000	196.613104
2188.000000	196.520241
2189.000000	196.484584
2190.000000	196.398319
2191.000000	196.350407
2192.000000	196.274709
2193.000000	196.225526
2194.000000	196.166785
2195.000000	196.105435
2196.000000	196.081375
2197.000000	196.035392
2198.000000	196.022008
2199.000000	195.971335
2200.000000	195.942814
2201.000000	195.938352
2202.000000	195.929803
2203.000000	195.938089
2204.000000	195.920475
2205.000000	195.913317
2206.000000	195.943701
2207.000000	195.923796
2208.000000	195.913580
2209.000000	195.936927
2210.000000	195.970019
2211.000000	195.991427
2212.000000	196.030810
2213.000000	196.071674
2214.000000	196.096249
2215.000000	196.146287
2216.000000	196.169613
2217.000000	196.249761
2218.000000	196.282612
2219.000000	196.337955
2220.000000	196.402725
2221.000000	196.458518
2222.000000	196.545441
2223.000000	196.593396
2224.000000	196.689658
2225.000000	196.778696
2226.000000	196.875582
2227.000000	196.949286
2228.000000	197.034126
2229.000000	197.136022
2230.000000	197.242247
2231.000000	197.359149
2232.000000	197.465878
2233.000000	197.561679
2234.000000	197.681891
2235.000000	197.803616
2236.000000	197.939722
2237.000000	198.073504
2238.000000	198.182349
2239.000000	198.329898
2240.000000	198.435882
2241.000000	198.581141
2242.000000	198.739048
2243.000000	198.891991
2244.000000	199.010339
2245.000000	199.199081
2246.000000	199.325870
2247.000000	199.506982
2248.000000	199.691876
2249.000000	199.847822
2250.000000	199.995492
2251.000000	200.163232
2252.000000	200.346986
2253.000000	200.551863
2254.000000	200.707392
2255.000000	200.912170
2256.000000	201.074528
2257.000000	201.295090
2258.000000	201.472136
2259.000000	201.691152
2260.000000	201.890154
2261.000000	202.078391
2262.000000	202.270728
2263.000000	202.474026
2264.000000	202.709945
2265.000000	202.929543
2266.000000	203.137214
2267.000000	203.363071
2268.000000	203.585814
2269.000000	203.850057
2270.000000	204.056950
2271.000000	204.291718
2272.000000	204.516358
2273.000000	204.757933
2274.000000	204.989401
2275.000000	205.238046
2276.000000	205.460373
2277.000000	205.721130
2278.000000	205.968032
2279.000000	206.206439
2280.000000	206.481380
2281.000000	206.726725
2282.000000	206.975578
2283.000000	207.236270
2284.000000	207.483928
2285.000000	207.748149
2286.000000	207.996673
2287.000000	208.292528
2288.000000	208.536152
2289.000000	208.823830
2290.000000	209.100054
2291.000000	209.381198
2292.000000	209.685965
2293.000000	209.944782
2294.000000	210.227341
2295.000000	210.495990
2296.000000	210.777233
2297.000000	211.070249
2298.000000	211.384322
2299.000000	211.672054
2300.000000	211.979769
2301.000000	212.252737
2302.000000	212.559893
2303.000000	212.840600
2304.000000	213.145289
2305.000000	213.426829
2306.000000	213.739509
2307.000000	214.027209
2308.000000	214.331646
2309.000000	214.646059
2310.000000	214.957380
2311.000000	215.269326
2312.000000	215.601430
2313.000000	215.880602
2314.000000	216.182661
2315.000000	216.515860
2316.000000	216.832377
2317.000000	217.167813
2318.000000	217.464677
2319.000000	217.798918
2320.000000	218.121102
2321.000000	218.419379
2322.000000	218.763288
2323.000000	219.048390
2324.000000	219.373478
2325.000000	219.719185
2326.000000	220.050730
2327.000000	220.361492
2328.000000	220.704458
2329.000000	221.031169
2330.000000	221.352892
2331.000000	221.684821
2332.000000	222.035208
2333.000000	222.358543
2334.000000	222.708776
2335.000000	223.017105
2336.000000	223.375198
2337.000000	223.710009
2338.000000	224.037849
2339.000000	224.383742
2340.000000	224.706364
2341.000000	225.044168
2342.000000	225.375548
2343.000000	225.732961
2344.000000	226.066501
2345.000000	226.399942
2346.000000	226.704993
2347.000000	227.070693
2348.000000	227.378463
2349.000000	227.724148
2350.000000	228.065448
2351.000000	228.409357
2352.000000	228.735213
2353.000000	229.098852
2354.000000	229.439484
2355.000000	229.788040
2356.000000	230.144160
2357.000000	230.464053
2358.000000	230.805145
2359.000000	231.151915
2360.000000	231.488480
2361.000000	231.866456
2362.000000	232.194318
2363.000000	232.541186
2364.000000	232.881675
2365.000000	233.241610
2366.000000	233.585990
2367.000000	233.909007
2368.000000	234.253486
2369.000000	234.602218
2370.000000	234.957176
2371.000000	235.310555
2372.000000	235.654947
2373.000000	236.001815
2374.000000	236.355633
2375.000000	236.685775
2376.000000	237.046707
2377.000000	237.390177
2378.000000	237.742307
2379.000000	238.095993
2380.000000	238.436055
2381.000000	238.791232
2382.000000	239.143165
2383.000000	239.454881
2384.000000	239.830873
2385.000000	240.172721
2386.000000	240.519612
2387.000000	240.835329
2388.000000	241.183951
2389.000000	241.540652
2390.000000	241.846218
2391.000000	242.207556
2392.000000	242.535834
2393.000000	242.826932
2394.000000	243.180728
2395.000000	243.505487
2396.000000	243.819735
2397.000000	244.143947
2398.000000	244.462930
2399.000000	244.799363
2400.000000	245.099701
2401.000000	245.412163
2402.000000	245.697659
2403.000000	246.031780
2404.000000	246.279427
2405.000000	246.567390
2406.000000	246.820507
2407.000000	247.101816
2408.000000	247.325985
2409.000000	247.556927
2410.000000	247.767208
2411.000000	247.953110
2412.000000	248.160672
2413.000000	248.352571
2414.000000	248.522481
2415.000000	248.655638
2416.000000	248.803122
2417.000000	248.948007
2418.000000	249.093869
2419.000000	249.183630
2420.000000	249.330215
2421.000000	249.419111
2422.000000	249.508774
2423.000000	249.595773
2424.000000	249.678026
2425.000000	249.727823
2426.000000	249.826715
2427.000000	249.898709
2428.000000	249.979438
2429.000000	250.041008
2430.000000	250.098083
2431.000000	250.132830
2432.000000	250.195178
2433.000000	250.222943
2434.000000	250.284249
2435.000000	250.339044
2436.000000	250.365625
2437.000000	250.408198
2438.000000	250.440973
2439.000000	250.454181
2440.000000	250.500788
2441.000000	250.539942
2442.000000	250.576804
2443.000000	250.611650
2444.000000	250.638681
2445.000000	250.678656
2446.000000	250.700557
2447.000000	250.703220
2448.000000	250.711474
2449.000000	250.752294
2450.000000	250.785463
2451.000000	250.807089
2452.000000	250.815354
2453.000000	250.842110
2454.000000	250.854803
2455.000000	250.880168
2456.000000	250.903427
2457.000000	250.907132
2458.000000	250.959516
2459.000000	250.963155
2460.000000	250.970412
2461.000000	250.976977
2462.000000	251.001892
2463.000000	251.013160
2464.000000	251.023365
2465.000000	251.051426
2466.000000	251.081789
2467.000000	251.086382
2468.000000	251.102484
2469.000000	251.104665
2470.000000	251.125787
2471.000000	251.140245
2472.000000	251.129700
2473.000000	251.187192
2474.000000	251.197923
2475.000000	251.212600
2476.000000	251.197682
2477.000000	251.224986
2478.000000	251.225293
2479.000000	251.239707
2480.000000	251.266069
2481.000000	251.283969
2482.000000	251.286479
2483.000000	251.320667
2484.000000	251.326093
2485.000000	251.356412
2486.000000	251.340660
2487.000000	251.367472
2488.000000	251.425588
2489.000000	251.400892
2490.000000	251.368283
2491.000000	251.415296
2492.000000	251.402197
2493.000000	251.439125
2494.000000	251.465136
2495.000000	251.469269
2496.000000	251.467230
2497.000000	251.498798
2498.000000	251.476087
2499.000000	251.501703
2500.000000	251.536626
2501.000000	251.533962
2502.000000	251.559392
2503.000000	251.566122
2504.000000	251.549965
2505.000000	251.592363
2506.000000	251.584088
2507.000000	251.567470
2508.000000	251.560817
2509.000000	251.589009
2510.000000	251.610285
2511.000000	251.628470
2512.000000	251.620490
2513.000000	251.633216
2514.000000	251.619186
2515.000000	251.641492
2516.000000	251.632197
2517.000000	251.645361
2518.000000	251.665300
2519.000000	251.664171
2520.000000	251.685139
2521.000000	251.701307
2522.000000	251.703225
2523.000000	251.713277
2524.000000	251.741557
2525.000000	251.718758
2526.000000	251.755401
2527.000000	251.761265
2528.000000	251.774583
2529.000000	251.763721
2530.000000	251.790203
2531.000000	251.794829
2532.000000	251.808684
2533.000000	251.831242
2534.000000	251.808289
2535.000000	251.806316
2536.000000	251.834442
2537.000000	251.834673
2538.000000	251.866263
2539.000000	251.883023
2540.000000	251.884185
2541.000000	251.906491
2542.000000	251.904682
2543.000000	251.891156
2544.000000	251.921891
2545.000000	251.927657
2546.000000	251.945162
2547.000000	251.951695
2548.000000	251.936053
2549.000000	251.950336
2550.000000	251.962821
2551.000000	251.976708
2552.000000	251.988492
2553.000000	251.986727
2554.000000	252.030221
2555.000000	252.018745
2556.000000	252.030616
2557.000000	252.033641
2558.000000	252.065812
2559.000000	252.075042
2560.000000	252.093336
2561.000000	252.104067
2562.000000	252.130670
2563.000000	252.107619
2564.000000	252.134737
2565.000000	252.143615
2566.000000	252.155925
2567.000000	252.167730
2568.000000	252.188863
2569.000000	252.207147
2570.000000	252.234331
2571.000000	252.268179
2572.000000	252.257251
2573.000000	252.287076
2574.000000	252.329869
2575.000000	252.338813
2576.000000	252.367005
2577.000000	252.394814
2578.000000	252.396283
2579.000000	252.420507
2580.000000	252.477988
2581.000000	252.529944
2582.000000	252.563595
2583.000000	252.600020
2584.000000	252.641946
2585.000000	252.699328
2586.000000	252.746528
2587.000000	252.808250
2588.000000	252.860535
2589.000000	252.918663
2590.000000	252.966004
2591.000000	253.060973
2592.000000	253.122991
2593.000000	253.212665
2594.000000	253.302602
2595.000000	253.391575
2596.000000	253.469169
2597.000000	253.550798
2598.000000	253.650622
2599.000000	253.783680
2600.000000	253.900319
2601.000000	254.022822
2602.000000	254.141061
2603.000000	254.263991
2604.000000	254.402508
2605.000000	254.560909
2606.000000	254.674457
2607.000000	254.801563
2608.000000	254.974532
2609.000000	255.089789
2610.000000	255.285984
2611.000000	255.431210
2612.000000	255.615435
2613.000000	255.814864
2614.000000	256.013636
2615.000000	256.198004
2616.000000	256.400096
2617.000000	256.607625
2618.000000	256.820175
2619.000000	257.031814
2620.000000	257.280262
2621.000000	257.513188
2622.000000	257.758819
2623.000000	257.995867
2624.000000	258.241574
2625.000000	258.493825
2626.000000	258.772723
2627.000000	259.041109
2628.000000	259.327647
2629.000000	259.619413
2630.000000	259.919872
2631.000000	260.231609
2632.000000	260.538152
2633.000000	260.862045
2634.000000	261.171525
2635.000000	261.505163
2636.000000	261.869120
2637.000000	262.196467
2638.000000	262.556357
2639.000000	262.914121
2640.000000	263.279361
2641.000000	263.679183
2642.000000	264.065249
2643.000000	264.461937
2644.000000	264.870254
2645.000000	265.325814
2646.000000	265.787721
2647.000000	266.275277
2648.000000	266.795530
2649.000000	267.385333
2650.000000	268.008293
2651.000000	268.619065
2652.000000	269.291142
2653.000000	269.955032
2654.000000	270.678682
2655.000000	271.400524
2656.000000	272.128197
2657.000000	272.861800
2658.000000	273.553783
2659.000000	274.291102
2660.000000	275.005096
2661.000000	275.720218
2662.000000	276.460365
2663.000000	277.156042
2664.000000	277.855677
2665.000000	278.550992
2666.000000	279.247787
2667.000000	279.954787
2668.000000	280.620102
2669.000000	281.296301
2670.000000	281.951038
2671.000000	282.611891
2672.000000	283.268338
2673.000000	283.934398
2674.000000	284.554914
2675.000000	285.179804
2676.000000	285.817474
2677.000000	286.440664
2678.000000	287.045911
2679.000000	287.682091
2680.000000	288.273264
2681.000000	288.871265
2682.000000	289.470341
2683.000000	290.085859
2684.000000	290.661126
2685.000000	291.265540
2686.000000	291.866282
2687.000000	292.449640
2688.000000	293.005572
2689.000000	293.610358
2690.000000	294.189057
2691.000000	294.743510
2692.000000	295.293808
2693.000000	295.858707
2694.000000	296.388781
2695.000000	296.923372
2696.000000	297.486484
2697.000000	298.024276
2698.000000	298.538742
2699.000000	299.065331
2700.000000	299.581780
2701.000000	300.107898
2702.000000	300.630717
2703.000000	301.159520
2704.000000	301.674249
2705.000000	302.181831
2706.000000	302.669310
2707.000000	303.156286
2708.000000	303.677515
2709.000000	304.177665
2710.000000	304.652462
2711.000000	305.168605
2712.000000	305.634634
2713.000000	306.124722
2714.000000	306.596921
2715.000000	307.066325
2716.000000	307.575376
2717.000000	308.035683
2718.000000	308.503553
2719.000000	308.954005
2720.000000	309.447250
2721.000000	309.898776
2722.000000	310.361648
2723.000000	310.806356
2724.000000	311.270609
2725.000000	311.689328
2726.000000	312.143102
2727.000000	312.579633
2728.000000	313.038241
2729.000000	313.468908
2730.000000	313.900792
2731.000000	314.351496
2732.000000	314.770347
2733.000000	315.228056
2734.000000	315.627933
2735.000000	316.045479
2736.000000	316.466753
2737.000000	316.894899
2738.000000	317.334533
2739.000000	317.738882
2740.000000	318.166239
2741.000000	318.572495
2742.000000	318.981317
2743.000000	319.384318
2744.000000	319.790004
2745.000000	320.187832
2746.000000	320.588016
2747.000000	320.990162
2748.000000	321.386553
2749.000000	321.777453
2750.000000	322.160275
2751.000000	322.537703
2752.000000	322.947741
2753.000000	323.349953
2754.000000	323.712748
2755.000000	324.093575
2756.000000	324.484825
2757.000000	324.850054
2758.000000	325.225257
2759.000000	325.622263
2760.000000	325.980914
2761.000000	326.354342
2762.000000	326.746546
2763.000000	327.093667
2764.000000	327.474428
2765.000000	327.845433
2766.000000	328.201805
2767.000000	328.562671
2768.000000	328.916215
2769.000000	329.269715
2770.000000	329.634384
2771.000000	329.984793
2772.000000	330.334380
2773.000000	330.687299
2774.000000	331.032381
2775.000000	331.394015
2776.000000	331.729472
2777.000000	332.085000
2778.000000	332.417937
2779.000000	332.756694
2780.000000	333.090804
2781.000000	333.406663
2782.000000	333.747920
2783.000000	334.058813
2784.000000	334.391301
2785.000000	334.726265
2786.000000	335.036348
2787.000000	335.348064
2788.000000	335.677866
2789.000000	335.990458
2790.000000	336.309869
2791.000000	336.646127
2792.000000	336.955190
2793.000000	337.279906
2794.000000	337.590394
2795.000000	337.880045
2796.000000	338.229073
2797.000000	338.535440
2798.000000	338.844097
2799.000000	339.134789
2800.000000	339.460843
2801.000000	339.759339
2802.000000	340.080920
2803.000000	340.378540
2804.000000	340.677551
2805.000000	340.997751
2806.000000	334.332855
2807.000000	313.407898
2808.000000	296.095305
2809.000000	282.204878
2810.000000	269.871474
2811.000000	258.421821
2812.000000	248.138914
2813.000000	238.615754
2814.000000	229.473189
2815.000000	221.014804
2816.000000	212.915629
2817.000000	204.951201
2818.000000	197.264597
2819.000000	190.154324
2820.000000	183.815886
2821.000000	178.230158
2822.000000	172.729927
2823.000000	167.465318
2824.000000	162.454189
2825.000000	157.301386
2826.000000	152.554356
2827.000000	147.880252
2828.000000	143.382602
2829.000000	139.025607
2830.000000	135.234869
2831.000000	131.495134
2832.000000	127.862381
2833.000000	124.484883
2834.000000	120.907297
2835.000000	117.429240
2836.000000	114.063711
2837.000000	110.996339
2838.000000	107.817052
2839.000000	104.995464
2840.000000	102.450757
2841.000000	99.979457
2842.000000	97.562426
2843.000000	95.251533
2844.000000	93.057860
2845.000000	90.857423
2846.000000	88.819662
2847.000000	86.978678
2848.000000	84.957381
2849.000000	83.108263
2850.000000	81.327412
2851.000000	79.625788
2852.000000	77.877350
2853.000000	76.250613
2854.000000	74.794796
2855.000000	73.321090
2856.000000	71.871948
2857.000000	70.436957
2858.000000	68.921817
2859.000000	67.514141
2860.000000	66.199088
2861.000000	64.954691
2862.000000	63.672971
2863.000000	62.455363
2864.000000	61.337941
2865.000000	60.206281
2866.000000	59.146296
